4.85494	0
4.82814	0.0268007
4.86567	0.0405938
4.90655	0.0499526
4.98168	0.0845037
4.96244	0.071629
4.96838	0.0608287
4.98913	0.0566167
5.0207	0.0590751
5.02711	0.0532258
5.01809	0.0489829
5.04186	0.0506421
5.03942	0.0466476
5.04748	0.0439322
5.05382	0.0413874
5.03394	0.0435195
5.03509	0.0408956
5.03921	0.0387755
5.02756	0.0384814
5.01973	0.0373371
5.01599	0.035711
5.01443	0.0340849
5.00854	0.0330989
5.00588	0.0318004
4.99941	0.0311815
5.00629	0.0307388
5.01191	0.0301077
5.01113	0.0290231
5.01216	0.0280234
5.01456	0.0271796
5.01365	0.0263041
5.01504	0.0255066
5.01786	0.0248816
5.02391	0.0248851
5.02136	0.0242972
5.0222	0.0236276
5.01883	0.023226
5.01962	0.0226203
5.02191	0.0221519
5.0213	0.0215996
5.02133	0.0210662
5.02114	0.0205594
5.02602	0.02066
5.02191	0.0205986
5.02182	0.0201358
5.01788	0.0200823
5.01907	0.0196863
5.01663	0.0194255
5.01264	0.0194394
5.0146	0.019147
5.0131	0.0188273
5.0162	0.0187201
5.01558	0.0183742
5.01599	0.0180354
5.02091	0.0183749
5.01786	0.0182989
5.01755	0.0179777
5.01892	0.0177179
5.01885	0.0174152
5.01931	0.0171285
5.02052	0.0168891
5.02087	0.0166181
5.01925	0.0164327
5.0167	0.0163728
5.01528	0.0161819
5.01395	0.0159904
5.01355	0.0157549
5.0114	0.0156694
5.01371	0.0156127
5.01411	0.0153931
5.01379	0.015178
5.0165	0.0152078
5.01629	0.0149994
5.01815	0.0149119
5.01962	0.0147854
5.02004	0.0145956
5.01688	0.0147467
5.01676	0.014557
5.01403	0.0146277
5.0129	0.0144882
5.0145	0.0143971
5.01226	0.0143948
5.01067	0.0143091
5.01193	0.0141933
5.01426	0.0142175
5.01437	0.0140517
5.01522	0.0139152
5.01182	0.0141711
5.01262	0.0140339
5.01164	0.0139118
5.01058	0.0137986
5.01069	0.0136482
5.00995	0.0135208
5.00834	0.0134727
5.00843	0.0133305
5.00796	0.0131991
5.00787	0.0130626
5.00883	0.0129637
5.00999	0.0128849
5.0118	0.0128837
5.01213	0.0127596
5.0124	0.0126369
5.01349	0.0125606
5.01212	0.012514
5.01136	0.0124177
5.01221	0.0123291
5.01195	0.012216
5.01312	0.0121587
5.01184	0.012115
5.01346	0.0121138
5.01392	0.0120131
5.01245	0.0119961
5.01277	0.0118937
5.01479	0.0119609
5.01553	0.0118796
5.0159	0.0117825
5.01478	0.0117344
5.01762	0.0119757
5.01842	0.0119017
5.01888	0.0118108
5.01843	0.0117211
5.01905	0.011641
5.0176	0.0116366
5.01746	0.0115433
5.01847	0.0114947
5.01839	0.0114033
5.0186	0.011315
5.01856	0.0112263
5.01993	0.0112234
5.01963	0.011141
5.02058	0.011097
5.01955	0.0110613
5.01931	0.0109805
5.02006	0.0109245
5.02	0.0108435
5.02053	0.0107768
5.02178	0.0107706
5.02253	0.0107186
5.02382	0.0107192
5.02325	0.010658
5.02418	0.0106233
5.02368	0.0105601
5.02237	0.0105674
5.02224	0.0104945
5.02254	0.010426
5.0226	0.0103546
5.02207	0.0102975
5.02126	0.0102598
5.02108	0.0101922
5.02017	0.0101653
5.01988	0.0101019
5.01912	0.0100636
5.01923	0.00999823
5.01908	0.00993425
5.01722	0.0100448
5.0171	0.00998089
5.01655	0.00993229
5.0167	0.00987032
5.01601	0.00983199
5.01479	0.0098461
5.01457	0.00978741
5.01417	0.00973478
5.01367	0.00968795
5.0135	0.00963025
5.01378	0.00957587
5.01377	0.00951801
5.01417	0.00946948
5.01346	0.00943978
5.01376	0.00938844
5.01317	0.00935129
5.01297	0.00929875
5.01407	0.00931035
5.01507	0.0093097
5.0143	0.00928748
5.01379	0.00924855
5.01404	0.00919916
5.01473	0.00917307
5.01452	0.00912365
5.01306	0.00919024
5.01284	0.00914152
5.01281	0.00909093
5.01219	0.00906214
5.01059	0.00915343
5.01075	0.00910487
5.01105	0.00906073
5.01095	0.00901246
5.0104	0.00898121
5.01055	0.00893454
5.01045	0.0088877
5.00981	0.0088638
5.00975	0.00881745
5.01029	0.0087878
5.0108	0.00875722
5.01138	0.00873116
5.0117	0.0086921
5.0121	0.00865707
5.01324	0.00868789
5.01388	0.00866723
5.01336	0.00863896
5.01293	0.00860635
5.01256	0.00857158
5.01353	0.00858361
5.01272	0.00857868
5.01282	0.00853706
5.01272	0.0084959
5.01276	0.00845467
5.01291	0.00841504
5.01246	0.00838651
5.01276	0.00835167
5.01275	0.00831181
5.01264	0.00827306
5.01247	0.00823578
5.01356	0.0082693
5.01294	0.00825391
5.01239	0.00823359
5.01199	0.0082053
5.01125	0.00820099
5.01229	0.00822954
5.01221	0.0081923
5.01218	0.00815502
5.01166	0.00813493
5.01134	0.00810444
5.01165	0.0080739
5.01071	0.00809156
5.01118	0.00806894
5.01084	0.0080404
5.01129	0.00801774
5.01143	0.00798367
5.01092	0.00796519
5.01109	0.0079324
5.01209	0.00796137
5.01262	0.00794443
5.01302	0.00792049
5.01302	0.00788657
5.01283	0.00785533
5.01325	0.00783319
5.01366	0.00781084
5.01267	0.007841
5.01263	0.00780821
5.01206	0.00779642
5.01172	0.00777129
5.01258	0.00778665
5.0121	0.00776951
5.01141	0.00776814
5.01153	0.00773722
5.01177	0.00770951
5.0119	0.00767941
5.01285	0.00770619
5.01301	0.00767686
5.01159	0.00777581
5.01134	0.00774888
5.01062	0.00775184
5.01159	0.00778189
5.01111	0.0077661
5.01082	0.00774072
5.0111	0.00771527
5.01108	0.00768522
5.01154	0.00766927
5.01107	0.00765368
5.01156	0.00763996
5.01119	0.00761999
5.01062	0.00761211
5.01071	0.00758372
5.00969	0.00762353
5.0094	0.00760052
5.01005	0.00760031
5.00945	0.0075956
5.00859	0.00761585
5.00773	0.00763641
5.00759	0.00760946
5.00669	0.00763343
5.00661	0.00760574
5.00648	0.00757902
5.00633	0.00755288
5.00707	0.0075624
5.00735	0.0075399
5.00808	0.00754802
5.00777	0.007527
5.00768	0.00750054
5.00759	0.00747421
5.00848	0.00750058
5.00812	0.00748288
5.00845	0.00746375
5.00857	0.00743842
5.00863	0.00741251
5.00861	0.00738658
5.00861	0.0073608
5.00836	0.00733937
5.00865	0.00731957
5.00903	0.00730398
5.009	0.00727889
5.00921	0.00725683
5.00874	0.0072468
5.00879	0.00722228
5.00916	0.00720696
5.00972	0.00720431
5.00973	0.00718004
5.0101	0.00716542
5.01024	0.00714272
5.01005	0.0071214
5.01023	0.00709994
5.0101	0.00707752
5.00947	0.00708295
5.01	0.00708002
5.01025	0.0070612
5.00993	0.00704547
5.00962	0.00702936
5.00994	0.00701377
5.00926	0.00702434
5.00973	0.00701767
5.00897	0.00703662
5.0091	0.00701524
5.00937	0.00699796
5.00948	0.00697662
5.00917	0.00696163
5.00901	0.00694139
5.0105	0.00707942
5.01078	0.00706275
5.01131	0.00706004
5.01158	0.00704327
5.01142	0.00702317
5.01113	0.00700753
5.01043	0.00702034
5.01044	0.00699864
5.01041	0.00697712
5.01049	0.00695616
5.00977	0.00697213
5.00972	0.00695108
5.00934	0.00694033
5.00921	0.0069205
5.0098	0.00692511
5.0097	0.00690499
5.00896	0.00692363
5.00873	0.00690673
5.00866	0.00688644
5.00817	0.00688307
5.00843	0.00686762
5.00879	0.00685676
5.00861	0.00683906
5.00851	0.00681962
5.00822	0.00680569
5.00753	0.00682123
5.00698	0.00682308
5.00679	0.0068059
5.00762	0.00683707
5.00723	0.00682845
5.0067	0.00682936
5.00669	0.00680972
5.00679	0.00679094
5.00739	0.00679861
5.00769	0.00678568
5.00765	0.00676648
5.00789	0.00675141
5.00817	0.00673834
5.00804	0.00672059
5.00794	0.00670243
5.00857	0.00671351
5.00828	0.00670119
5.00787	0.00669522
5.00781	0.00667685
5.00766	0.00665991
5.00772	0.00664172
5.00715	0.0066476
5.00686	0.00663602
5.00751	0.00665018
5.00803	0.00665192
5.00802	0.00663377
5.00781	0.00661906
5.00908	0.0067221
5.00923	0.00670544
5.00918	0.00668748
5.00904	0.0066709
5.00921	0.00665511
5.00932	0.00663821
5.00944	0.00662153
5.00946	0.00660393
5.00945	0.0065864
5.00924	0.00657224
5.00919	0.00655508
5.00923	0.00653795
5.00865	0.00654691
5.00876	0.00653068
5.00841	0.00652278
5.00775	0.00653913
5.00779	0.00652224
5.00778	0.00650532
5.00783	0.00648868
5.00757	0.00647721
5.00737	0.00646353
5.00751	0.00644828
5.00806	0.00645522
5.00783	0.00644282
5.0084	0.00645191
5.00859	0.00643832
5.00843	0.00642391
5.00855	0.00640869
5.00879	0.00639722
5.00828	0.00640148
5.00824	0.00638557
5.00787	0.00638
5.00763	0.00636869
5.00801	0.00636399
5.00803	0.00634822
5.00762	0.00634572
5.008	0.00634136
5.00828	0.00633216
5.00889	0.00634537
5.00887	0.00632983
5.00924	0.00632497
5.00927	0.00630961
5.00932	0.00629446
5.00896	0.00628927
5.00888	0.00627454
5.00878	0.00626022
5.00868	0.00624592
5.00869	0.00623091
5.00884	0.00621756
5.00843	0.00621594
5.00846	0.00620116
5.00807	0.00619857
5.00816	0.00618449
5.00816	0.00616982
5.00807	0.00615586
5.00786	0.00614511
5.00829	0.00614612
5.00808	0.00613525
5.00736	0.0061634
5.00732	0.00614915
5.00788	0.00616077
5.00795	0.00614676
5.00732	0.0061644
5.00735	0.00615021
5.00664	0.00617727
5.00634	0.00617039
5.00671	0.00616735
5.0067	0.00615319
5.00661	0.00613985
5.00667	0.00612615
5.00632	0.00612211
5.00613	0.00611131
5.00638	0.0061028
5.00604	0.00609887
5.00608	0.00608528
5.0059	0.0060742
5.00646	0.00608584
5.00616	0.00607968
5.00589	0.00607187
5.00586	0.0060584
5.00563	0.00604933
5.00565	0.00603594
5.00547	0.00602533
5.00496	0.00603367
5.0045	0.0060382
5.00456	0.00602526
5.00481	0.00601709
5.00541	0.0060336
5.00565	0.00602517
5.00556	0.00601266
5.00595	0.00601231
5.0061	0.00600105
5.00611	0.00598804
5.00656	0.00599167
5.00663	0.00597912
5.00663	0.00596622
5.00671	0.00595389
5.00706	0.0059515
5.00722	0.00594094
5.00752	0.00593554
5.00757	0.00592313
5.00741	0.00591276
5.00741	0.0059002
5.00759	0.00589031
5.00807	0.00589709
5.00817	0.0058855
5.00784	0.00588208
5.0077	0.00587135
5.00836	0.00589635
5.00804	0.005893
5.00813	0.00588141
5.00835	0.00587324
5.00834	0.00586102
5.00749	0.00591128
5.00728	0.0059025
5.00697	0.00589873
5.00738	0.00590122
5.00816	0.00593992
5.00812	0.00592786
5.00786	0.00592145
5.00784	0.00590937
5.00786	0.00589736
5.00816	0.00589288
5.00787	0.00588809
5.00814	0.00588239
5.00852	0.00588236
5.0088	0.0058774
5.00852	0.00587212
5.00806	0.00587883
5.00778	0.00587349
5.00829	0.0058836
5.0082	0.00587255
