1.55792	0
1.57653	0.0186043
1.56489	0.0158324
1.54267	0.0248834
1.53752	0.0199499
1.52685	0.0194746
1.5251	0.0165515
1.50961	0.0211061
1.50427	0.0193652
1.50406	0.017322
1.49638	0.0174479
1.49205	0.0165069
1.48972	0.0153619
1.48614	0.014666
1.48127	0.0144945
1.48529	0.0141428
1.48309	0.0134667
1.48452	0.0127773
1.48292	0.0121924
1.47857	0.0123556
1.48063	0.0119319
1.48191	0.0114482
1.48426	0.0111876
1.48338	0.0107472
1.48373	0.0103143
1.48694	0.0104181
1.48867	0.0101718
1.49198	0.0103449
1.49017	0.0101431
1.49322	0.0102615
1.49526	0.0101321
1.49593	0.00983336
1.49415	0.00969507
1.49479	0.00942734
1.49552	0.00918302
1.49513	0.00893301
1.49499	0.0086893
1.49479	0.00845994
1.49279	0.00847901
1.49384	0.00833117
1.49231	0.00826949
1.49464	0.00840071
1.49466	0.00820304
1.49448	0.00801639
1.49456	0.00783665
1.49563	0.00773827
1.4962	0.00759365
1.49737	0.00752376
1.49862	0.00747555
1.49833	0.00733049
1.49862	0.00719134
1.4982	0.00706425
1.49824	0.00692979
1.49726	0.00687128
1.49768	0.00675852
1.49818	0.00665568
1.49708	0.00663036
1.49762	0.00653794
1.49839	0.00647182
1.49816	0.00636711
1.49776	0.00627499
1.49734	0.00618724
1.49634	0.00617033
1.49745	0.00617445
1.49829	0.00613721
1.49969	0.00620258
1.49964	0.00610953
1.49906	0.00604638
1.49927	0.00596159
1.49989	0.00590924
1.49945	0.00584256
1.49944	0.00576085
1.499	0.00569801
1.49927	0.0056268
1.49827	0.00563987
1.49792	0.00557636
1.49807	0.00550551
1.49833	0.00544071
1.49729	0.00547104
1.49707	0.00540671
1.49719	0.00534082
1.49712	0.00527576
1.49688	0.00521708
1.49635	0.00518228
1.49614	0.00512517
1.49622	0.00506576
1.49623	0.00500723
1.49569	0.00498005
1.49614	0.00494463
1.49699	0.00496309
1.4965	0.00493242
1.49655	0.00487871
1.49653	0.00482601
1.49672	0.0047783
1.4971	0.00474287
1.49724	0.00469547
1.49771	0.00466975
1.49783	0.00462341
1.49759	0.00458275
1.49748	0.00453798
1.49707	0.00451141
1.4969	0.00447014
1.49676	0.00442874
1.49673	0.00438608
1.49712	0.0043617
1.49753	0.00434002
1.497	0.00433162
1.49704	0.00429148
1.49657	0.00427823
1.49568	0.00433015
1.49656	0.00437911
1.49634	0.00434548
1.49597	0.00432191
1.49563	0.00429774
1.49553	0.00426138
1.49523	0.00423514
1.49585	0.00424401
1.49636	0.00423898
1.49688	0.0042352
1.49768	0.00427597
1.49807	0.00425786
1.49833	0.00423103
1.49807	0.00420485
1.49827	0.00417572
1.49897	0.00420078
1.49912	0.00417024
1.49954	0.00415855
1.49952	0.00412602
1.49939	0.00409599
1.49968	0.00407519
1.49947	0.00404952
1.49917	0.00403003
1.49933	0.00400306
1.49974	0.00399403
1.4996	0.00396681
1.49916	0.00396291
1.49924	0.00393487
1.49914	0.00390756
1.49964	0.00391128
1.49958	0.00388373
1.49949	0.00385715
1.49943	0.00383043
1.49945	0.00380364
1.50002	0.00381983
1.49976	0.0038025
1.50027	0.00381066
1.50063	0.00380182
1.50059	0.00377621
1.50079	0.00375615
1.50039	0.00375318
1.50068	0.00373935
1.50006	0.00376464
1.50044	0.00375868
1.50017	0.00374365
1.50058	0.00374158
1.50094	0.00373453
1.5013	0.00372823
1.50134	0.0037048
1.50144	0.00368275
1.50134	0.00366106
1.5012	0.00364089
1.50132	0.00362027
1.50129	0.00359809
1.50084	0.00360468
1.50079	0.00358308
1.50065	0.00356422
1.50077	0.00354504
1.50099	0.00353017
1.50127	0.00352098
1.50118	0.00350139
1.50117	0.00348089
1.50086	0.00347404
1.5009	0.00345414
1.50065	0.00344354
1.5006	0.00342417
1.50085	0.00341441
1.50042	0.0034233
1.50047	0.0034044
1.50034	0.00338769
1.50003	0.00338316
1.49985	0.00336941
1.49984	0.00335085
1.50046	0.0033887
1.5009	0.00339994
1.50094	0.00338165
1.50085	0.00336461
1.50088	0.0033467
1.50102	0.00333191
1.50078	0.00332292
1.50035	0.00333347
1.50077	0.00334216
1.50107	0.00333855
1.50055	0.0033608
1.50028	0.00335482
1.49999	0.00335039
1.50005	0.00333387
1.50031	0.00332673
1.50042	0.00331202
1.50068	0.00330536
1.50069	0.00328881
1.50088	0.00327762
1.50149	0.00331925
1.50125	0.00331148
1.50132	0.00329587
1.5013	0.00327984
1.50125	0.0032642
1.50119	0.00324889
1.50095	0.00324263
1.50054	0.00325204
1.50077	0.00324408
1.50062	0.00323183
1.50093	0.00323072
1.50056	0.00323601
1.50089	0.00323806
1.50081	0.00322404
1.50079	0.00320915
1.50103	0.00320296
1.50099	0.00318846
1.50059	0.00319838
1.50071	0.00318592
1.50084	0.0031742
1.50097	0.00316272
1.5009	0.00314931
1.50068	0.00314335
1.50048	0.00313584
1.50042	0.00312238
1.5007	0.00312096
1.50036	0.00312574
1.50026	0.00311379
1.50037	0.00310223
1.50045	0.00308974
1.50068	0.00308514
1.50061	0.00307252
1.50061	0.00305936
1.50046	0.00305017
1.5004	0.00303788
1.50039	0.00302506
1.50041	0.00301246
1.50049	0.0030008
1.5012	0.00307027
1.50119	0.0030575
1.50119	0.00304484
1.50132	0.00303492
1.50146	0.00302579
1.50145	0.00301343
1.50157	0.0030035
1.50138	0.00299711
1.5015	0.00298726
1.50149	0.00297524
1.50114	0.00298446
1.50125	0.00297456
1.50137	0.00296533
1.50144	0.0029543
1.50127	0.0029471
1.50124	0.0029357
1.50129	0.00292468
1.50133	0.0029135
1.50155	0.00291052
1.50164	0.00290063
1.50174	0.00289108
1.50189	0.00288425
1.50193	0.00287352
1.50164	0.00287782
1.50164	0.0028669
1.50157	0.00285688
1.50155	0.00284619
1.50172	0.00284067
1.50163	0.00283156
1.50153	0.00282272
1.50119	0.00283288
1.5013	0.00282428
1.50136	0.00281456
1.50168	0.00282234
1.50143	0.00282283
1.50142	0.00281256
1.50139	0.00280253
1.50151	0.00279478
1.5013	0.00279264
1.50132	0.00278268
1.50147	0.00277682
1.5014	0.00276769
1.50116	0.00276866
1.50154	0.00278536
1.50181	0.0027883
1.5018	0.0027785
1.50166	0.00277245
1.50164	0.00276282
1.50146	0.00275952
1.50126	0.00275676
1.50112	0.00275093
1.50124	0.00274422
1.50159	0.00275611
1.5015	0.00274801
1.50148	0.00273875
1.50173	0.00274103
1.5016	0.00273491
1.50177	0.00273116
1.50184	0.0027228
1.50195	0.0027161
1.50174	0.00271527
1.50151	0.00271593
1.50167	0.00271141
1.5016	0.0027033
1.50145	0.00269822
1.50139	0.00269005
1.50139	0.00268125
1.50137	0.00267256
1.50162	0.00267578
1.50173	0.00266924
1.50147	0.0026729
1.50159	0.00266683
1.50156	0.00265843
1.50147	0.00265133
1.50161	0.0026465
1.5017	0.0026396
1.50175	0.00263173
1.50168	0.00262457
1.50163	0.00261663
1.50155	0.00260967
1.50141	0.00260538
1.50158	0.00260259
1.50189	0.0026133
1.50178	0.00260759
1.5017	0.00260066
1.50179	0.00259413
1.50194	0.00259069
1.50203	0.00258433
1.50194	0.00257802
1.50205	0.00257219
1.5021	0.00256501
1.50231	0.00256555
1.50221	0.00255959
1.50197	0.00256316
1.50179	0.00256168
1.50159	0.00256196
1.50155	0.00255476
1.5016	0.00254783
1.50142	0.002547
1.50128	0.00254351
1.50118	0.00253778
1.50106	0.00253321
1.50097	0.00252727
1.50081	0.00252528
1.50097	0.00252341
1.50125	0.00253151
1.50133	0.00252525
1.50107	0.00253062
1.50106	0.00252338
1.50121	0.00252063
1.50114	0.00251429
1.50125	0.00250922
1.50114	0.00250434
1.50108	0.00249793
1.50141	0.00251273
1.5011	0.00252486
1.50102	0.00251894
1.50096	0.00251259
1.50085	0.00250798
1.50065	0.00250954
1.50052	0.00250591
1.50075	0.00251014
1.50061	0.00250706
1.50061	0.00250016
1.50049	0.0024958
1.5007	0.00249732
1.50072	0.00249059
1.5006	0.00248659
1.50055	0.00248033
1.50048	0.00247471
1.50033	0.00247258
1.50048	0.00247076
1.50099	0.00251682
1.50097	0.00251021
1.50093	0.00250381
1.50078	0.00250151
1.50069	0.00249652
1.50065	0.00249021
1.5007	0.00248408
1.50064	0.00247813
1.50071	0.00247254
1.5005	0.00247477
1.5006	0.00247035
1.50045	0.0024687
1.50032	0.00246575
1.5005	0.00246634
1.50046	0.00246024
1.50066	0.00246169
1.50064	0.00245541
1.50077	0.00245243
1.50068	0.00244768
1.50053	0.00244621
1.50061	0.00244131
1.50056	0.00243571
1.50029	0.00244371
1.50031	0.0024376
1.50046	0.00243578
1.50052	0.00243037
1.50039	0.00242771
1.50061	0.00243218
1.50062	0.0024261
1.5005	0.00242304
1.50064	0.00242075
1.50046	0.00242144
1.50033	0.0024186
1.50027	0.00241336
1.50041	0.00241113
1.50026	0.0024094
1.50035	0.00240488
1.50034	0.00239899
1.50038	0.00239345
1.5003	0.00238882
1.50017	0.00238701
1.50014	0.00238132
1.50024	0.00237753
1.50013	0.00237421
1.50007	0.00236949
1.50004	0.00236398
1.49997	0.00235931
1.5001	0.00235756
1.50031	0.00236078
1.50021	0.00235728
1.50019	0.00235177
1.50022	0.00234647
1.5001	0.00234401
1.50005	0.00233915
1.50003	0.00233369
1.49999	0.00232862
1.50001	0.00232324
1.50006	0.00231847
1.50009	0.00231323
1.50019	0.00231001
1.50015	0.00230495
1.50009	0.00230059
1.4999	0.00230272
1.4998	0.00229988
1.50006	0.00230988
1.50017	0.00230708
1.50006	0.0023042
1.50012	0.00229953
1.50003	0.00229582
1.50011	0.00229197
1.5001	0.0022868
1.50032	0.00229186
1.50016	0.00229188
1.50008	0.0022882
1.49995	0.00228673
1.49996	0.00228162
1.49995	0.00227652
1.49995	0.00227146
1.49981	0.00227048
1.49964	0.0022715
1.49964	0.00226647
1.49958	0.00226239
1.49965	0.00225869
1.49949	0.00225948
1.49958	0.00225627
1.49944	0.00225606
1.49943	0.00225114
1.49932	0.00224872
1.49918	0.00224825
1.49913	0.00224402
1.49929	0.00224524
1.49938	0.00224204
1.49939	0.00223721
1.4995	0.00223519
1.49964	0.00223493
1.49956	0.00223159
1.49941	0.00223153
1.49933	0.00222841
1.49923	0.00222574
1.49918	0.00222161
1.49937	0.00222463
1.49915	0.00222999
1.49913	0.00222542
1.49894	0.00222884
1.49892	0.00222428
1.49893	0.00221963
1.49904	0.00221796
1.49905	0.00221333
1.49909	0.00220908
1.49897	0.00220737
1.49892	0.0022035
1.49892	0.00219893
1.49891	0.00219439
1.49896	0.00219034
1.499	0.00218626
1.49901	0.00218178
1.49892	0.00217922
1.49892	0.00217476
1.49889	0.00217063
1.49893	0.0021666
1.499	0.00216342
1.49891	0.00216088
1.49875	0.00216274
1.4989	0.00216358
1.49895	0.00215983
1.499	0.00215622
1.49914	0.00215626
1.49927	0.00215567
1.49934	0.00215264
