148.981	0
75.3028	73.6783
50.7471	49.117
38.431	36.8501
31.0352	29.4865
26.0984	24.5766
22.5956	21.0643
19.9569	18.4321
17.9034	16.3847
16.2626	14.7465
14.9097	13.4072
13.7993	12.2893
12.8514	11.3442
12.0393	10.534
11.3338	9.83198
10.7127	9.21792
10.1747	8.67543
9.69074	8.19357
9.25166	7.76277
8.86632	7.37449
8.51923	7.02312
8.19714	6.70402
7.90596	6.41253
7.64887	6.14491
7.40285	5.89912
7.1762	5.67222
6.96994	5.462
6.77195	5.26703
6.59361	5.0853
6.42462	4.91577
6.26383	4.75727
6.11437	4.60863
5.97231	4.46905
5.84271	4.33755
5.71797	4.21365
5.60192	4.09657
5.49017	3.98588
5.38583	3.88098
5.28537	3.78149
5.1879	3.68703
5.09773	3.59711
5.00903	3.51154
4.92742	3.42987
4.85008	3.35191
4.77404	3.27746
4.70304	3.2062
4.6362	3.13795
4.5698	3.0726
4.50689	3.0099
4.4468	2.9497
4.38911	2.89186
4.33505	2.83622
4.28287	2.78268
4.23273	2.73112
4.18414	2.68144
4.1379	2.63353
4.09117	2.58734
4.04831	2.5427
4.00448	2.49962
3.96285	2.45796
3.92101	2.41769
3.88103	2.37871
3.84191	2.34097
3.80506	2.3044
3.76998	2.26894
3.73545	2.23457
3.70152	2.20122
3.66859	2.16886
3.63888	2.1374
3.61094	2.10683
3.58212	2.07715
3.55314	2.0483
3.52376	2.02026
3.49564	1.99297
3.46977	1.96639
3.44498	1.9405
3.42014	1.91529
3.39587	1.89074
3.37185	1.8668
3.34938	1.84346
3.32578	1.82071
3.30304	1.79851
3.28195	1.77684
3.2612	1.75568
3.24025	1.73503
3.22036	1.71485
3.1997	1.69515
3.17928	1.6759
3.16029	1.65707
3.14182	1.63866
3.12428	1.62065
3.10657	1.60303
3.08891	1.5858
3.07206	1.56893
3.05561	1.55242
3.03894	1.53625
3.02309	1.52041
3.00772	1.5049
2.99151	1.48971
2.97773	1.4748
2.96293	1.4602
2.94911	1.44588
2.93444	1.43185
2.92124	1.41807
2.90808	1.40456
2.895	1.39131
2.88213	1.37831
2.8696	1.36554
2.85591	1.35303
2.84355	1.34073
2.83142	1.32865
2.81945	1.31679
2.80754	1.30514
2.79541	1.29369
2.78454	1.28244
2.77443	1.27138
2.763	1.26052
2.75206	1.24984
2.74143	1.23933
2.73105	1.22901
2.71979	1.21886
2.70964	1.20887
2.6998	1.19904
2.69023	1.18937
2.68023	1.17986
2.67092	1.1705
2.6615	1.16128
2.653	1.15221
2.64349	1.14328
2.63448	1.13449
2.62632	1.12582
2.61766	1.11729
2.609	1.10889
2.60082	1.10062
2.59236	1.09247
2.58404	1.08444
2.57637	1.07652
2.56805	1.06872
2.56013	1.06104
2.55187	1.05346
2.54472	1.04599
2.53634	1.03863
2.52868	1.03137
2.52142	1.02421
2.51528	1.01714
2.50895	1.01017
2.50237	1.00329
2.49551	0.996516
2.48883	0.989828
2.48237	0.983228
2.47649	0.976713
2.47035	0.970285
2.46357	0.963946
2.45687	0.95769
2.45057	0.951512
2.44376	0.945417
2.43778	0.939395
2.43214	0.933448
2.42637	0.927577
2.42133	0.921775
2.41633	0.916045
2.41031	0.910393
2.4042	0.904811
2.3988	0.899293
2.39353	0.893842
2.38906	0.888452
2.38354	0.883133
2.37836	0.877876
2.37322	0.872681
2.36816	0.867547
2.36308	0.862474
2.35776	0.857462
2.35334	0.852502
2.34858	0.847602
2.34318	0.842762
2.33826	0.837974
2.33334	0.833241
2.32852	0.828561
2.32403	0.823931
2.31964	0.819353
2.31443	0.81483
2.30988	0.810353
2.30548	0.805925
2.3017	0.801542
2.29738	0.797209
2.29272	0.792925
2.28843	0.788685
2.28473	0.784488
2.28074	0.780336
2.2764	0.77623
2.27219	0.772167
2.26798	0.768146
2.26412	0.764166
2.26042	0.760225
2.25621	0.756329
2.25231	0.75247
2.2485	0.74865
2.24457	0.74487
2.24084	0.741127
2.23743	0.73742
2.23368	0.733751
2.22956	0.730122
2.22618	0.726524
2.22229	0.722964
2.21886	0.719437
2.21583	0.715943
2.21228	0.712484
2.20903	0.709058
2.20539	0.705667
2.20171	0.702308
2.19837	0.69898
2.1957	0.69568
2.19256	0.692413
2.18952	0.689177
2.18652	0.68597
2.18296	0.682796
2.18017	0.679648
2.17718	0.67653
2.17405	0.673441
2.17087	0.670381
2.16779	0.667347
2.16473	0.664342
2.16169	0.661363
2.15835	0.658412
2.15587	0.655484
2.1527	0.652585
2.14984	0.64971
2.14696	0.64686
2.1447	0.644033
2.14153	0.641235
2.13863	0.63846
2.13538	0.63571
2.13247	0.632982
2.12967	0.630278
2.12675	0.627597
2.12397	0.624938
2.12129	0.622301
2.1184	0.619688
2.11603	0.617094
2.1132	0.614524
2.11024	0.611976
2.10773	0.609447
2.10501	0.60694
2.10231	0.604454
2.09983	0.601986
2.09749	0.599539
2.09497	0.597112
2.09223	0.594706
2.08958	0.592318
2.08698	0.58995
2.08495	0.587599
2.08274	0.585266
2.08108	0.582951
2.07866	0.580656
2.07646	0.578379
2.07399	0.57612
2.07171	0.573879
2.06959	0.571654
2.06751	0.569446
2.06595	0.567254
2.06356	0.565082
2.06147	0.562925
2.05925	0.560785
2.05744	0.558659
2.05517	0.556552
2.05306	0.55446
2.05073	0.552384
2.04861	0.550323
2.04689	0.548276
2.0446	0.546246
2.04228	0.544232
2.04058	0.54223
2.03852	0.540244
2.03623	0.538274
2.03438	0.536316
2.03221	0.534374
2.03013	0.532445
2.02797	0.530531
2.02587	0.52863
2.02395	0.526742
2.02215	0.524867
2.02025	0.523006
2.01814	0.521159
2.01594	0.519326
2.01468	0.517502
2.01258	0.515693
2.01053	0.513897
2.00884	0.512113
2.00699	0.510341
2.00548	0.50858
2.0035	0.506834
2.00173	0.505098
2.00008	0.503374
1.99813	0.501663
1.99613	0.499963
1.99422	0.498275
1.99216	0.496599
1.99035	0.494933
1.9886	0.493278
1.9872	0.491633
1.98615	0.489998
1.98437	0.488376
1.98271	0.486764
1.98091	0.485164
1.97917	0.483573
1.97779	0.481993
1.97619	0.480423
1.97471	0.478863
1.97324	0.477313
1.9717	0.475773
1.96998	0.474244
1.96844	0.472724
1.96677	0.471214
1.96553	0.469713
1.96421	0.468221
1.96257	0.46674
1.9611	0.465267
1.95933	0.463805
1.95799	0.462351
1.95637	0.460907
1.95475	0.459472
1.95319	0.458045
1.95163	0.456627
1.95044	0.455217
1.94891	0.453817
1.94781	0.452424
1.94664	0.45104
1.94533	0.449665
1.94384	0.448298
1.94283	0.446939
1.94149	0.445589
1.93989	0.444247
1.93835	0.442914
1.93712	0.441588
1.93611	0.440269
1.93474	0.438959
1.93319	0.437657
1.93236	0.436361
1.93073	0.435075
1.9291	0.433796
1.9278	0.432524
1.92665	0.431259
1.92569	0.430001
1.92466	0.428751
1.92337	0.427508
1.92215	0.426272
1.92094	0.425044
1.91993	0.423822
1.91853	0.422608
1.91752	0.4214
1.91614	0.4202
1.91524	0.419006
1.91404	0.417819
1.91305	0.416638
1.9118	0.415465
1.91055	0.414298
1.90938	0.413137
1.90823	0.411983
1.9069	0.410836
1.90577	0.409695
1.90482	0.40856
1.90352	0.407431
1.90245	0.406309
1.9013	0.405193
1.90022	0.404083
1.89904	0.402979
1.89801	0.401881
1.89697	0.400788
1.89575	0.399703
1.89459	0.398623
1.8936	0.397548
1.89253	0.396479
1.89152	0.395416
1.89043	0.394359
1.88934	0.393307
1.88856	0.392261
1.88759	0.39122
1.88654	0.390185
1.88553	0.389156
1.88443	0.388132
1.88361	0.387113
1.88262	0.386099
1.88194	0.38509
1.88109	0.384087
1.88013	0.383089
1.87911	0.382097
1.87835	0.381109
1.87737	0.380127
1.87643	0.37915
1.87538	0.378178
1.87437	0.377211
1.87334	0.376248
1.87218	0.375292
1.87121	0.374339
1.87001	0.373392
1.86946	0.372448
1.86852	0.37151
1.86749	0.370577
1.86652	0.369648
1.86541	0.368725
1.86452	0.367805
1.86379	0.36689
1.86299	0.365979
1.86196	0.365074
1.861	0.364172
1.86012	0.363275
1.85909	0.362383
1.85834	0.361495
1.85731	0.360611
1.85627	0.359732
1.85553	0.358857
1.8546	0.357986
1.85397	0.357118
1.85307	0.356256
1.85221	0.355397
1.85131	0.354543
1.85043	0.353693
1.8498	0.352846
1.84904	0.352004
1.84804	0.351167
1.84737	0.350332
1.84656	0.349502
1.84579	0.348675
1.84524	0.347853
1.84455	0.347034
1.84359	0.34622
1.84288	0.345408
1.84209	0.344601
1.84106	0.343799
1.84017	0.342999
1.83951	0.342203
1.83882	0.341411
1.83792	0.340623
1.8374	0.339837
1.83658	0.339056
1.83573	0.338279
1.83477	0.337505
1.83374	0.336735
1.83288	0.335969
1.83205	0.335205
1.8313	0.334445
1.83036	0.333689
1.8297	0.332935
1.82914	0.332185
1.82834	0.331439
1.82739	0.330696
1.82683	0.329956
1.82603	0.32922
1.82526	0.328486
1.82439	0.327757
1.82378	0.32703
1.82297	0.326307
1.82219	0.325586
1.82145	0.324869
1.82061	0.324156
1.81992	0.323445
1.8191	0.322737
1.81863	0.322032
1.81831	0.32133
1.81747	0.320632
1.81687	0.319936
1.81625	0.319243
1.81576	0.318553
1.81507	0.317867
1.81447	0.317183
1.81376	0.316503
1.81295	0.315825
1.81232	0.31515
1.81152	0.314479
1.81072	0.31381
1.80991	0.313144
1.80931	0.31248
1.80848	0.31182
1.80778	0.311162
1.80711	0.310507
1.80665	0.309855
1.80585	0.309205
1.80501	0.308559
1.80443	0.307915
1.8037	0.307273
1.80284	0.306635
1.80225	0.305999
1.80172	0.305365
1.80113	0.304734
1.80054	0.304106
1.8001	0.30348
1.79965	0.302856
1.79896	0.302236
1.79838	0.301618
1.79771	0.301002
1.7969	0.30039
1.79624	0.299779
1.79545	0.299171
1.79481	0.298566
1.79419	0.297963
1.79353	0.297362
1.79301	0.296764
1.79249	0.296168
1.79195	0.295574
1.79148	0.294983
