1.61014	0
1.5398	0.0703434
1.58293	0.059244
1.56169	0.0469699
1.55558	0.0368913
1.54271	0.0327563
1.53752	0.0281658
1.52781	0.0262542
1.53276	0.0236767
1.5247	0.0226596
1.51364	0.0232882
1.51072	0.0214585
1.50447	0.0207069
1.50406	0.0191753
1.49643	0.0194108
1.49292	0.0184949
1.49112	0.0174659
1.48937	0.0165588
1.48846	0.0156899
1.48432	0.0154487
1.48127	0.0150081
1.4847	0.014716
1.48403	0.0140779
1.48179	0.0136622
1.48361	0.0132297
1.48361	0.0127107
1.48137	0.0124348
1.47857	0.0123054
1.47952	0.0119115
1.48098	0.011599
1.48159	0.0112352
1.48449	0.0112603
1.48236	0.0111203
1.48394	0.0109039
1.48373	0.0105899
1.4848	0.010347
1.48679	0.0102581
1.48884	0.0101938
1.49191	0.0103907
1.49013	0.0102824
1.4899	0.010031
1.49322	0.0103365
1.49294	0.0100971
1.49489	0.0100554
1.49557	0.00985291
1.49407	0.0097517
1.49436	0.00954622
1.49558	0.00942531
1.49552	0.00923116
1.49494	0.00906322
1.49556	0.00890543
1.49547	0.00873294
1.49509	0.00857528
1.49341	0.00857976
1.49242	0.00848108
1.49384	0.00844932
1.4918	0.00854756
1.49348	0.00856581
1.4943	0.00845898
1.49492	0.00833963
1.4941	0.00824225
1.4938	0.00811387
1.49456	0.0080205
1.49478	0.00789715
1.49701	0.00808829
1.49626	0.00799989
1.49777	0.00802314
1.4978	0.00790434
1.49878	0.00785009
1.49833	0.00775036
1.49831	0.00764044
1.49795	0.0075423
1.49792	0.00743833
1.49833	0.00734862
1.49773	0.00727463
1.49683	0.00723398
1.49768	0.00718946
1.49799	0.00710344
1.49793	0.00701322
1.4975	0.00693818
1.49759	0.0068526
1.49834	0.00680949
1.49782	0.00674658
1.49816	0.00667449
1.49771	0.00661141
1.49825	0.00655649
1.49708	0.0065859
1.49672	0.00652043
1.4965	0.00645033
1.49732	0.00643056
1.49829	0.00643347
1.49934	0.00644831
1.49956	0.00638248
1.49975	0.00631697
1.4995	0.00625486
1.49861	0.00625322
1.49922	0.00621825
1.49989	0.00619108
1.49958	0.00613644
1.49947	0.00607566
1.49932	0.00601708
1.49887	0.00597481
1.49903	0.00591874
1.49873	0.00586963
1.49827	0.00583089
1.4984	0.00577687
1.49769	0.00576568
1.49809	0.00572562
1.49775	0.00568274
1.49792	0.0056335
1.49723	0.00562605
1.49707	0.0055777
1.49717	0.00552897
1.49762	0.00549896
1.49723	0.00546494
1.49701	0.00542231
1.49682	0.00537896
1.49611	0.00538041
1.49614	0.0053351
1.49592	0.00529524
1.49625	0.0052617
1.49619	0.00521865
1.49586	0.00518693
1.49543	0.00516264
1.49652	0.00523562
1.49699	0.00521537
1.49643	0.00520459
1.49639	0.00516392
1.4964	0.00512374
1.4965	0.0050853
1.49688	0.00506006
1.4968	0.00502223
1.4971	0.00499356
1.49728	0.00495936
1.49743	0.00492475
1.49744	0.00488841
1.49777	0.00486365
1.49733	0.00484743
1.49729	0.00481265
1.49748	0.0047819
1.49763	0.00475019
1.49709	0.00474737
1.49695	0.00471595
1.49686	0.00468394
1.49705	0.00465536
1.49672	0.0046356
1.49712	0.0046215
1.49729	0.00459336
1.49733	0.00456258
1.49675	0.0045682
1.49707	0.00454889
1.49655	0.0045489
1.49617	0.00453492
1.49568	0.00453178
1.49661	0.00459727
1.49659	0.00456775
1.4961	0.00456454
1.49616	0.00453585
1.496	0.00450979
1.49535	0.00452953
1.49553	0.00450501
1.49542	0.00447851
1.49576	0.00446445
1.49588	0.00443856
1.49622	0.0044246
1.49653	0.00440923
1.49695	0.00440279
1.49768	0.00443707
1.49792	0.00441718
1.49817	0.00439798
1.49849	0.00438379
1.49806	0.00437889
1.49849	0.00437425
1.49898	0.00437684
1.49897	0.00435177
1.49903	0.00432738
1.49983	0.0043766
1.49958	0.00435867
1.49953	0.00433456
1.49999	0.0043348
1.49939	0.00435282
1.49968	0.0043389
1.49964	0.00431535
1.49935	0.00430134
1.49931	0.00427825
1.4994	0.00425607
1.49944	0.00423351
1.49998	0.00424467
1.4996	0.00423871
1.49894	0.00426818
1.49898	0.00424596
1.49912	0.00422601
1.49921	0.00420513
1.49931	0.00418445
1.4998	0.00419276
1.49958	0.00417735
1.4996	0.00415616
1.49946	0.00413752
1.49947	0.0041167
1.49946	0.0040961
1.49995	0.00410488
1.50021	0.00409304
1.49976	0.00409788
1.50003	0.00408697
1.50055	0.00409954
1.50061	0.0040801
1.50066	0.00406065
1.50046	0.00404618
1.50067	0.00403226
1.50039	0.00402292
1.50039	0.00400381
1.50036	0.00398496
1.50008	0.00397583
1.50041	0.00397016
1.50015	0.00395991
1.50019	0.00394175
1.50058	0.00394275
1.5008	0.00393073
1.50125	0.00393822
1.50122	0.00392038
1.50137	0.00390551
1.50122	0.00389081
1.50134	0.00387541
1.50134	0.00385808
1.50136	0.00384099
1.5011	0.00383293
1.50131	0.00382171
1.50136	0.00380518
1.50132	0.00378873
1.50081	0.0038058
1.50079	0.00378936
1.50073	0.00377353
1.50071	0.00375734
1.50095	0.00374907
1.50112	0.00373672
1.50137	0.0037294
1.50131	0.00371408
1.50118	0.00370064
1.50123	0.00368549
1.50097	0.00367979
1.50084	0.00366662
1.50097	0.00365379
1.50054	0.00366472
1.50058	0.00364987
1.5006	0.003635
1.50075	0.00362336
1.50055	0.00361416
1.50038	0.00360375
1.50048	0.00359089
1.50042	0.00357709
1.50029	0.00356497
1.50003	0.00356073
1.49987	0.00355029
1.49972	0.00353926
1.49996	0.00353325
1.50022	0.00352911
1.50061	0.00353749
1.50105	0.00355112
1.50094	0.00353938
1.50113	0.0035311
1.50095	0.00352218
1.50073	0.00351555
1.50092	0.00350737
1.50096	0.00349427
1.50048	0.00351465
1.50035	0.00350374
1.50052	0.00349477
1.50084	0.00349637
1.50096	0.00348561
1.50073	0.00348074
1.50051	0.00347451
1.50025	0.00347197
1.49999	0.003469
1.49992	0.00345699
1.50003	0.00344631
1.50049	0.00346468
1.50044	0.00345255
1.5006	0.00344357
1.50074	0.00343413
1.50069	0.00342218
1.50068	0.00340999
1.50119	0.00343638
1.5015	0.00343759
1.50119	0.00343882
1.50097	0.00343391
1.50139	0.0034478
1.5013	0.0034372
1.50139	0.00342648
1.50123	0.0034182
1.50131	0.00340726
1.50104	0.00340627
1.50069	0.00341254
1.50043	0.00341034
1.50077	0.00341486
1.50063	0.00340585
1.50064	0.00339433
1.5009	0.00339278
1.50057	0.00339698
1.50088	0.00340015
1.5008	0.00338985
1.50081	0.00337859
1.50102	0.00337399
1.50092	0.00336428
1.50108	0.00335702
1.50103	0.00334651
1.50065	0.00335634
1.50077	0.00334739
1.50071	0.00333706
1.50083	0.00332833
1.50096	0.00332023
1.50106	0.00331104
1.50093	0.00330285
1.50096	0.00329245
1.50066	0.00329573
1.50048	0.0032906
1.50041	0.00328091
1.50046	0.00327106
1.50066	0.003267
1.50039	0.00326862
1.50032	0.00325912
1.5002	0.00325116
1.50037	0.00324554
1.50045	0.00323652
1.50054	0.00322774
1.50068	0.00322098
1.50057	0.00321303
1.50077	0.00320926
1.50066	0.00320131
1.50046	0.00319777
1.50038	0.00318907
1.50016	0.00318683
1.50032	0.00318127
1.50046	0.00317482
1.50041	0.00316576
1.50073	0.00317243
1.5012	0.00319711
1.50131	0.00318984
1.50121	0.00318228
1.50119	0.00317292
1.50118	0.00316359
1.50138	0.00316095
1.50158	0.0031581
1.50145	0.00315186
1.50159	0.00314589
1.50149	0.00313845
1.50138	0.00313121
1.50152	0.00312519
1.5014	0.00311833
1.50131	0.00311065
1.50114	0.00310669
1.50127	0.00310064
1.5013	0.00309196
1.50151	0.0030905
1.50139	0.00308425
1.50131	0.00307654
1.50138	0.00306864
1.50124	0.00306308
1.50124	0.00305451
1.50109	0.00304963
1.50136	0.00305301
1.50151	0.00304843
1.50179	0.00305284
1.50174	0.00304482
1.50174	0.00303645
1.50195	0.00303548
1.50181	0.00303013
1.50187	0.0030224
1.50165	0.0030225
1.50144	0.0030214
1.50174	0.00302823
1.50157	0.00302467
1.50138	0.00302294
1.50166	0.00302808
1.50161	0.00302035
1.50168	0.0030131
1.50166	0.00300514
1.50136	0.00301252
1.50119	0.003009
1.50135	0.00300533
1.50127	0.00299869
1.50137	0.00299279
1.50155	0.00299034
1.50148	0.00298339
1.5014	0.00297681
1.50142	0.00296917
1.50139	0.00296161
1.50156	0.00295879
1.50149	0.00295204
1.50113	0.00296647
1.50138	0.00296929
1.50128	0.00296335
1.50147	0.00296164
1.50141	0.00295458
1.50131	0.00294885
1.50123	0.00294241
1.50148	0.0029458
1.5018	0.00295555
1.5018	0.00294811
1.5018	0.00294072
1.50167	0.00293617
1.50173	0.00292943
1.50168	0.00292254
1.5015	0.00292117
1.50137	0.00291651
1.50118	0.00291586
1.50112	0.00290927
1.50124	0.00290456
1.50132	0.00289848
1.50164	0.0029091
1.50149	0.00290564
1.50149	0.00289857
1.50148	0.00289153
1.50173	0.00289512
1.5016	0.00289099
1.50171	0.00288615
1.50178	0.00287996
1.50185	0.00287391
1.5018	0.00286735
1.5019	0.00286226
1.50174	0.00286017
1.50159	0.0028572
1.50157	0.0028505
1.50168	0.00284596
1.50165	0.00283946
1.50151	0.00283591
1.50143	0.00283053
1.50139	0.0028241
1.50135	0.00281782
1.50138	0.00281137
1.50135	0.00280492
1.50149	0.00280193
1.50159	0.00279723
1.5016	0.00279076
1.50147	0.00278709
1.50158	0.00278274
1.50157	0.00277637
1.50155	0.00277005
1.50151	0.00276413
1.50155	0.0027581
1.50175	0.00275925
1.5017	0.00275336
1.50175	0.00274759
1.50158	0.00274688
1.50167	0.00274211
1.50168	0.00273597
1.50168	0.00272983
1.50147	0.00273162
1.50141	0.0027262
1.50144	0.00272022
1.50164	0.00272207
1.50185	0.00272404
1.50181	0.00271826
1.50161	0.00271966
1.50174	0.00271665
1.50179	0.00271112
1.50189	0.00270702
1.50194	0.0027015
1.50208	0.00269949
1.502	0.00269482
1.50208	0.00269019
1.50199	0.00268586
1.5021	0.00268225
1.50219	0.00267781
1.50224	0.00267258
1.50209	0.00267099
1.50197	0.00266819
1.50189	0.00266364
1.50176	0.00266109
1.50159	0.00266062
1.50152	0.0026559
1.50173	0.00265875
1.5016	0.00265651
1.50135	0.00266257
1.50138	0.00265708
1.50124	0.00265493
1.50118	0.00265005
1.50114	0.00264474
1.5011	0.00263952
1.50096	0.00263815
1.50073	0.00264212
1.50084	0.00263889
1.50113	0.00264887
1.50125	0.00264641
1.50129	0.00264119
1.50116	0.00263908
1.50105	0.00263566
1.50102	0.00263043
1.50126	0.00263595
1.50114	0.0026336
1.50114	0.00262823
1.50118	0.00262316
1.50115	0.00261808
1.50115	0.00261277
1.50104	0.00260966
1.50136	0.00262356
1.50127	0.00261971
1.5011	0.00261996
1.5011	0.00261469
1.50094	0.00261397
1.5009	0.00260907
