4.79414	0
4.85471	0.060567
4.98168	0.131696
4.97273	0.0935524
4.98894	0.0742575
5.02711	0.071644
5.03947	0.0617992
5.04282	0.0536241
5.05382	0.0485554
5.02963	0.0497121
5.03064	0.0449775
5.01973	0.0424816
5.01026	0.0402086
5.00436	0.0376907
4.99941	0.0354358
5.00829	0.0343159
5.01518	0.0329619
5.01456	0.0310828
5.01144	0.0295665
5.02353	0.0305436
5.02136	0.0291338
5.01754	0.0280394
5.02227	0.0272066
5.0213	0.0260661
5.0226	0.0250354
5.02534	0.0242092
5.02182	0.0235607
5.01742	0.0231254
5.01499	0.0224458
5.0146	0.0216882
5.0153	0.0209887
5.01653	0.0203592
5.02091	0.0202121
5.01851	0.0197543
5.01841	0.0191819
5.01931	0.0186632
5.01914	0.0181525
5.01807	0.0177006
5.01528	0.0174663
5.01415	0.017061
5.0123	0.0167422
5.01411	0.0164381
5.0159	0.016151
5.0148	0.0158178
5.01962	0.0161956
5.01728	0.0160125
5.01576	0.0157409
5.0129	0.0156732
5.01052	0.0155339
5.0113	0.0152403
5.01426	0.0152282
5.01532	0.0149701
5.01212	0.0150294
5.01164	0.0147563
5.01094	0.0145024
5.00936	0.0143288
5.00843	0.0141056
5.00748	0.0138928
5.01051	0.0139877
5.0118	0.0138134
5.01193	0.0135857
5.01213	0.0133661
5.01136	0.0131744
5.01184	0.0129755
5.01332	0.0128601
5.01346	0.0126646
5.01324	0.0124761
5.01363	0.0122975
5.01553	0.0122664
5.01507	0.0120986
5.01852	0.0124144
5.01888	0.012246
5.01875	0.0120777
5.01747	0.0119829
5.01847	0.0118646
5.01938	0.011743
5.01913	0.0115922
5.01963	0.0114533
5.02057	0.0113469
5.02	0.0112186
5.02	0.0110793
5.0201	0.0109438
5.0232	0.0112457
5.02325	0.0111112
5.02363	0.0109865
5.02284	0.0108867
5.02254	0.0107652
5.0226	0.0106424
5.02111	0.0106269
5.02017	0.0105501
5.01989	0.0104372
5.01903	0.0103589
5.01722	0.0104065
5.01673	0.0103066
5.01663	0.010198
5.01479	0.0102575
5.01386	0.0101937
5.01335	0.0101021
5.01378	0.0100085
5.01459	0.00994106
5.01356	0.00989599
5.01317	0.00980598
5.01393	0.00973954
5.0155	0.00977208
5.01379	0.00982796
5.01502	0.00981256
5.01368	0.00981287
5.01284	0.00975726
5.01233	0.00968117
5.01064	0.00973993
5.01105	0.00966063
5.01075	0.00957887
5.01031	0.00950385
5.00981	0.0094334
5.01006	0.00935425
5.01067	0.00929342
5.0117	0.00927126
5.01226	0.00920946
5.01366	0.00923801
5.01293	0.00918933
5.01274	0.00911517
5.01294	0.00904241
5.01272	0.00897126
5.01303	0.00890413
5.01243	0.00885343
5.01275	0.00878893
5.01262	0.0087204
5.01322	0.00867257
5.01239	0.00864489
5.01122	0.00865766
5.01252	0.00868881
5.01218	0.00862942
5.0115	0.00859134
5.01157	0.00852725
5.01118	0.00847269
5.01109	0.00841059
5.01116	0.00834923
5.01109	0.00828879
5.0125	0.00834789
5.01298	0.0083024
5.01283	0.00824475
5.01319	0.00819437
5.01242	0.00817319
5.01206	0.00812418
5.01202	0.00806805
5.01195	0.00801293
5.01153	0.00796938
5.01194	0.00792629
5.01275	0.0079142
5.01159	0.00794626
5.011	0.00791556
5.01128	0.00786832
5.01082	0.00783009
5.01097	0.00778039
5.01151	0.00774921
5.01156	0.00769956
5.01094	0.00767614
5.01051	0.00763914
5.0094	0.00767251
5.00983	0.00763695
5.00813	0.00777934
5.00759	0.00775005
5.00648	0.00778151
5.00604	0.00774618
5.00707	0.00776781
5.0076	0.00773863
5.00773	0.00769324
5.00759	0.00764848
5.00814	0.00762294
5.00851	0.00758701
5.00863	0.00754341
5.00844	0.00750175
5.00837	0.0074586
5.00903	0.00744449
5.00926	0.00740557
5.00891	0.00737174
5.00916	0.00733408
5.00957	0.00730469
5.01003	0.00727832
5.01005	0.00723779
5.01027	0.00720098
5.0096	0.00719282
5.01025	0.00718347
5.00971	0.00716477
5.00939	0.00713297
5.00973	0.00710241
5.00946	0.00706959
5.00943	0.00703193
5.00917	0.00699969
5.00972	0.00698444
5.01105	0.00707511
5.01158	0.00705813
5.01115	0.00703467
5.01042	0.00703607
5.01041	0.00699991
5.01008	0.00697196
5.0095	0.00696058
5.00921	0.0069317
5.00965	0.00691103
5.00866	0.0069473
5.00866	0.00691265
5.00815	0.006897
5.00852	0.00687288
5.00851	0.00683912
5.00758	0.00686897
5.00662	0.0069031
5.00762	0.00694329
5.00704	0.00693427
5.00691	0.00690235
5.00739	0.0068867
5.00772	0.00686177
5.00797	0.0068339
5.00804	0.00680212
5.00804	0.00677027
5.00799	0.00673888
5.00781	0.00671001
5.00766	0.00668078
5.00709	0.00667452
5.00751	0.0066576
5.00795	0.00664167
5.0079	0.00661172
5.00923	0.00671409
5.0091	0.006685
5.00917	0.00665542
5.00944	0.0066312
5.00965	0.00660515
5.00905	0.00660299
5.00923	0.00657632
5.00881	0.00656086
5.00806	0.00657519
5.00779	0.00655237
5.00775	0.00652417
5.00735	0.00650882
5.00751	0.00648291
5.00778	0.00646129
5.00859	0.00648465
5.00843	0.00645928
5.00891	0.00644982
5.00823	0.00645894
5.00787	0.00644179
5.00793	0.00641527
5.0079	0.00638878
5.008	0.00636321
5.00872	0.00637829
5.00897	0.00635697
5.00927	0.00633817
5.00938	0.00631337
5.0088	0.00631389
5.00868	0.00628968
5.0086	0.00626496
5.00871	0.00624094
5.00807	0.00624928
5.00804	0.00622462
5.00809	0.00620033
5.00829	0.00617921
5.00767	0.00618655
5.00722	0.00617895
5.00795	0.00619782
5.00719	0.00622027
5.00625	0.0062666
5.00671	0.00625933
5.00663	0.00623586
5.00623	0.00622551
5.00613	0.00620267
5.00596	0.00618151
5.00595	0.00615824
5.00646	0.0061563
5.00624	0.00613712
5.00578	0.00613188
5.00565	0.00611037
5.00496	0.00612752
5.00455	0.00611832
5.00481	0.00610129
5.00563	0.00613403
5.00538	0.00611684
5.0061	0.00613699
5.00624	0.00611641
5.00671	0.00611257
5.00671	0.00609062
5.00701	0.00607614
5.00775	0.00609947
5.00741	0.0060872
5.00761	0.00606898
5.0081	0.00606737
5.00784	0.00605157
5.0081	0.00603597
5.00805	0.00601514
5.00835	0.00600192
5.00776	0.00601044
5.00711	0.00602491
5.00738	0.0060106
5.008	0.00602129
5.00792	0.00600127
5.00786	0.00598104
5.00792	0.00596104
5.00833	0.00595498
5.0088	0.00595321
5.00816	0.00596826
5.00778	0.00596013
5.0082	0.00595482
5.00792	0.00594152
5.00813	0.00592555
5.00836	0.00591039
5.00821	0.00589281
5.00783	0.00588583
5.00843	0.00589719
5.00815	0.00588448
5.00893	0.00591674
5.00835	0.00592566
5.00855	0.00590974
5.00848	0.00589111
5.00838	0.00587301
5.00799	0.00586715
5.00821	0.00585243
5.00785	0.0058447
5.00791	0.00582647
5.00739	0.00583147
5.0071	0.00582013
5.0066	0.00582369
5.00639	0.00580929
5.00672	0.00580086
5.00718	0.00580086
5.007	0.00578556
5.00683	0.0057701
5.00675	0.00575296
5.00711	0.00574653
5.00645	0.00576692
5.00608	0.00576079
5.00644	0.00575406
5.00633	0.00573754
5.00623	0.00572107
5.00623	0.00570381
5.00642	0.00568974
5.00649	0.00567313
5.0066	0.00565724
5.00648	0.00564176
5.00649	0.00562502
5.00619	0.00561662
5.0063	0.0056011
5.00644	0.00558637
5.00691	0.00559003
5.00745	0.00559998
5.00732	0.00558516
5.00675	0.00559813
5.00687	0.00558318
5.00672	0.00556902
5.00683	0.00555388
5.00721	0.00555113
5.00734	0.00553674
5.0071	0.00552617
5.00702	0.00551098
5.00717	0.00549727
5.00656	0.00551517
5.00573	0.00556143
5.00545	0.00555263
5.00542	0.00553712
5.0062	0.00557601
5.00635	0.00556255
5.00666	0.00555543
5.00645	0.00554371
5.00625	0.00553222
5.0061	0.00551872
5.0058	0.00551199
5.00582	0.00549685
5.00588	0.00548217
5.00529	0.00549913
5.00538	0.0054849
5.00562	0.00547494
5.00549	0.0054616
5.00531	0.0054498
5.0053	0.0054351
5.00482	0.00544162
5.00508	0.00543319
5.0048	0.00542576
5.00429	0.00543541
5.00481	0.005446
5.00503	0.00543592
5.0051	0.00542202
5.00536	0.00541405
5.00537	0.00539979
5.00576	0.00539967
5.00608	0.00539504
5.00618	0.00538185
5.00578	0.00538243
5.00526	0.00539403
5.00502	0.00538527
5.00511	0.00537216
5.00506	0.00535856
5.00458	0.00536672
5.0046	0.00535299
5.00472	0.00534057
5.00465	0.00532731
5.00487	0.00531804
5.00539	0.00533052
5.00564	0.00532285
5.00581	0.00531215
5.00545	0.00531139
5.00522	0.00530292
5.00487	0.00530115
5.00479	0.00528848
5.00485	0.00527562
5.00474	0.00526366
5.00498	0.00525624
5.00515	0.00524587
5.0055	0.00524471
5.00541	0.00523254
5.00517	0.00522537
5.00556	0.00522715
5.00582	0.00522088
5.00565	0.00521081
5.00556	0.00519886
5.0057	0.00518806
5.00583	0.00517711
5.00546	0.00517794
5.00549	0.00516554
5.00521	0.00516096
5.00511	0.00514939
5.005	0.00513837
5.00485	0.00512814
5.00488	0.00511598
5.00485	0.00510388
5.00506	0.005096
5.00524	0.00508695
5.0049	0.00508626
5.00475	0.00507652
5.00463	0.005066
5.00467	0.00505431
5.00449	0.00504585
5.00452	0.00503422
5.00463	0.00502358
5.00424	0.00502663
5.00433	0.00501569
5.00423	0.00500511
5.00386	0.00500684
5.00402	0.00499792
5.00453	0.00501186
5.0047	0.00500324
5.00443	0.00499889
5.00429	0.00498945
5.00447	0.00498134
5.00487	0.00498569
5.00467	0.00497821
5.00488	0.00497119
5.00511	0.00496556
5.00516	0.00495466
5.00529	0.00494508
5.00532	0.0049341
5.00547	0.0049253
5.00525	0.0049192
5.00498	0.00491546
5.00472	0.00491149
5.00477	0.00490082
5.00478	0.00489
5.00452	0.00488606
5.00434	0.00487848
5.00447	0.0048694
5.00437	0.00485965
5.00409	0.00485746
5.00414	0.00484716
5.00393	0.00484105
5.00377	0.00483326
5.00373	0.00482292
5.00398	0.00481899
5.00411	0.0048102
5.00419	0.00480055
5.00424	0.00479047
5.00424	0.00478021
5.00438	0.00477198
5.00426	0.0047633
5.00427	0.00475317
5.00411	0.00474601
5.00404	0.00473647
5.00393	0.00472761
5.00388	0.00471793
5.0037	0.00471152
5.00392	0.00470712
5.00376	0.0047002
5.0038	0.00469053
5.0042	0.00469813
5.00423	0.00468844
5.00445	0.00468385
5.00456	0.00467527
5.00429	0.00467305
5.00422	0.00466392
5.00421	0.00465431
5.00437	0.0046475
5.00438	0.00463795
5.00449	0.00462993
5.00434	0.00462288
5.00462	0.00462151
5.00425	0.00462706
5.00399	0.00462449
5.00385	0.00461724
5.00421	0.00462147
5.00434	0.004614
5.00445	0.00460608
5.00447	0.00459682
5.00427	0.00459183
5.00437	0.0045838
5.00433	0.00457485
