4.91052	0
4.85436	0.0561537
4.85708	0.0325342
4.84921	0.0243161
4.88241	0.0381696
4.9176	0.0470103
4.91157	0.0401865
4.91041	0.0348218
4.93127	0.0371264
4.94524	0.0360252
4.94915	0.0328192
4.96329	0.0331308
4.98083	0.0351619
4.98165	0.0325638
4.9655	0.0343485
4.96369	0.032181
4.96366	0.0302288
4.95965	0.0287803
4.97065	0.0293621
4.96129	0.0293877
4.96161	0.0279552
4.97134	0.0283747
4.97005	0.0271439
4.96781	0.0260846
4.96989	0.0251058
4.97485	0.0246268
4.97425	0.0237049
4.97016	0.0232051
4.97869	0.0239618
4.97284	0.0238791
4.97115	0.0231572
4.97687	0.0231402
4.97484	0.0225205
4.96814	0.0228497
4.96929	0.0222167
4.97458	0.0222307
4.9712	0.0218845
4.96853	0.0214681
4.97198	0.0211945
4.97046	0.0207143
4.96918	0.0202432
4.96521	0.0201506
4.96442	0.0196921
4.96469	0.0192413
4.97174	0.0200841
4.96821	0.0199569
4.96701	0.0195646
4.96338	0.0194938
4.96464	0.0191337
4.96018	0.0192698
4.96267	0.0190507
4.96078	0.018776
4.96151	0.0184328
4.9634	0.0181867
4.962	0.0179074
4.9628	0.0176029
4.96121	0.0173643
4.96018	0.0170937
4.96393	0.0172163
4.96523	0.0169764
4.96389	0.0167494
4.96404	0.0164777
4.96388	0.0162149
4.96483	0.0159877
4.96589	0.0157754
4.96737	0.0156055
4.96314	0.0159433
4.9653	0.0158548
4.96283	0.0158177
4.96377	0.0156186
4.96225	0.0154717
4.96164	0.0152675
4.96238	0.0150752
4.96059	0.0149782
4.96313	0.0149938
4.96249	0.0148091
4.96545	0.0149131
4.96301	0.0149209
4.96394	0.0147597
4.96429	0.0145784
4.96377	0.0144069
4.96347	0.0142332
4.96339	0.0140609
4.96343	0.0138925
4.96243	0.0137644
4.96604	0.0140739
4.96705	0.0139476
4.9667	0.0137927
4.9675	0.0136609
4.96757	0.0135084
4.96899	0.0134338
4.96953	0.0132982
4.97007	0.0131654
4.96982	0.013027
4.97028	0.0128971
4.96991	0.0127672
4.96914	0.0126584
4.96864	0.0125388
4.96935	0.0124322
4.97168	0.0125247
4.97555	0.0129914
4.97539	0.0128645
4.97494	0.0127467
4.97493	0.0126236
4.97459	0.0125075
4.97522	0.0124048
4.97469	0.0122998
4.97353	0.0122399
4.97297	0.01214
4.9745	0.0121251
4.97474	0.0120178
4.97479	0.0119101
4.97613	0.0118796
4.97508	0.011822
4.97419	0.0117522
4.97456	0.0116562
4.97445	0.0115566
4.97321	0.0115248
4.97383	0.0114443
4.97374	0.0113489
4.9748	0.0113046
4.97661	0.0113575
4.9753	0.0113412
4.97505	0.0112521
4.97623	0.0112234
4.97481	0.0112236
4.97463	0.0111363
4.97481	0.0110505
4.97394	0.0109993
4.97418	0.010917
4.97446	0.0108372
4.97539	0.0107949
4.97494	0.0107231
4.97674	0.0107932
4.97539	0.0107971
4.97628	0.0107542
4.9762	0.0106758
4.97521	0.0106441
4.97454	0.0105882
4.9739	0.0105318
4.97498	0.0105126
4.97439	0.0104549
4.97419	0.0103835
4.97442	0.0103138
4.97503	0.0102605
4.97435	0.0102125
4.97477	0.0101513
4.97487	0.010083
4.9743	0.0100312
4.97457	0.00996775
4.97568	0.00996392
4.97638	0.00992297
4.9772	0.00989178
4.97727	0.0098276
4.97814	0.00980202
4.97846	0.0097443
4.9801	0.00981945
4.97962	0.00976891
4.98138	0.00986697
4.98109	0.00980956
4.98103	0.00974863
4.98129	0.00969173
4.98126	0.00963214
4.98023	0.00962819
4.98041	0.00957148
4.98004	0.00952106
4.9805	0.00947504
4.97977	0.00944642
4.97776	0.00960391
4.97827	0.00956118
4.97859	0.00951041
4.97799	0.00947416
4.97611	0.00960484
4.97596	0.00955063
4.97597	0.0094959
4.9761	0.00944264
4.97644	0.00939523
4.97642	0.00934232
4.9772	0.00932229
4.97831	0.00933703
4.97864	0.00929102
4.97903	0.0092484
4.97814	0.00924153
4.97871	0.00920889
4.97779	0.00920519
4.97734	0.00916641
4.97752	0.00911909
4.97781	0.0090749
4.97698	0.00906423
4.97756	0.00903485
4.97809	0.00900321
4.97785	0.00895948
4.97799	0.00891402
4.9777	0.00887282
4.97697	0.00885688
4.97741	0.00882232
4.97713	0.00878173
4.97647	0.00876239
4.97664	0.00871989
4.97669	0.00867632
4.97727	0.00865253
4.97731	0.00860969
4.97721	0.00856776
4.97737	0.00852718
4.97832	0.00853832
4.97865	0.00850315
4.97805	0.00848309
4.97672	0.00854692
4.97692	0.00850835
4.97704	0.0084686
4.97738	0.00843532
4.9778	0.00840572
4.97736	0.00837785
4.97852	0.00841931
4.97819	0.0083867
4.9779	0.00835266
4.97777	0.00831515
4.97732	0.00828896
4.97806	0.00828395
4.97836	0.00825152
4.97962	0.00831021
4.97999	0.00828135
4.98003	0.00824421
4.9798	0.00821045
4.97994	0.00817496
4.98077	0.00818158
4.98041	0.00815374
4.98078	0.0081266
4.98106	0.00809574
4.98131	0.00806428
4.98206	0.00806469
4.98229	0.00803306
4.98151	0.00803652
4.98109	0.00801289
4.98049	0.00800145
4.98132	0.00801058
4.98073	0.0079987
4.9802	0.00798239
4.98062	0.0079599
4.98052	0.00792731
4.98021	0.00790016
4.98058	0.00787602
4.9811	0.00786059
4.98157	0.00784272
4.98286	0.00791602
4.98274	0.00788477
4.98275	0.0078528
4.98326	0.00783743
4.98278	0.00782062
4.98223	0.00780895
4.98234	0.00777863
4.9826	0.00775211
4.98324	0.00774745
4.98262	0.0077413
4.9818	0.00775504
4.98178	0.0077247
4.98206	0.00769982
4.98278	0.00770338
4.98256	0.00767668
4.98287	0.00765342
4.98334	0.00763861
4.98329	0.00760957
4.98359	0.00758642
4.98357	0.00755765
4.98321	0.00753804
4.98306	0.00751109
4.98304	0.00748292
4.98247	0.00747679
4.98218	0.00745478
4.98261	0.00743959
4.98237	0.00741576
4.98255	0.00739052
4.98209	0.00737778
4.98263	0.00737064
4.98266	0.00734388
4.98331	0.00734565
4.98323	0.00731952
4.98333	0.00729385
4.98309	0.00727162
4.98305	0.00724571
4.98389	0.00726772
4.98444	0.00726265
4.98541	0.00730283
4.98577	0.00728573
4.98607	0.00726626
4.98596	0.00724158
4.98636	0.00722751
4.9864	0.00720245
4.98646	0.00717778
4.9863	0.00715488
4.9862	0.00713101
4.98661	0.00711844
4.98705	0.00710782
4.98717	0.00708466
4.98738	0.00706357
4.98755	0.00704178
4.9878	0.00702267
4.98787	0.00699939
4.98868	0.00702237
4.9884	0.00700455
4.98777	0.00700971
4.98742	0.00699483
4.98765	0.00697537
4.98722	0.00696574
4.98746	0.006947
4.9877	0.00692852
4.9877	0.00690592
4.98801	0.00689042
4.98774	0.0068735
4.98758	0.00685303
4.98781	0.00683466
4.98769	0.00681383
4.98762	0.00679236
4.98711	0.00678986
4.98674	0.00677849
4.9866	0.00675831
4.98646	0.00673857
4.98674	0.0067232
4.98687	0.00670351
4.98696	0.00668306
4.98758	0.00669068
4.98756	0.00666989
4.98755	0.00664921
4.98717	0.00663962
4.98766	0.00663765
4.98746	0.00662047
4.9879	0.00661478
4.98762	0.00660043
4.98648	0.0066782
4.98633	0.0066597
4.9865	0.0066418
4.98635	0.00662344
4.9862	0.00660515
4.98688	0.00661986
4.98714	0.006605
4.98691	0.00658917
4.9861	0.00661944
4.98586	0.00660404
4.98602	0.00658651
4.98583	0.00657004
4.98577	0.00655098
4.98618	0.00654472
4.98695	0.00657104
4.98731	0.00656159
4.98715	0.00654443
4.98717	0.00652551
4.9868	0.00651767
4.98726	0.0065158
4.98693	0.00650588
4.98692	0.00648727
4.98691	0.00646877
4.9874	0.00646895
4.98808	0.00648694
4.98815	0.00646892
4.98869	0.00647315
4.98877	0.00645551
4.98909	0.00644512
4.98827	0.00647886
4.98777	0.00647991
4.98776	0.0064619
4.98751	0.00644876
4.98728	0.00643519
4.98726	0.00641746
4.98704	0.00640371
4.9876	0.00641115
4.98786	0.00639864
4.98796	0.00638205
4.98798	0.0063647
4.98796	0.00634747
4.98828	0.00633868
4.9885	0.00632529
4.98851	0.00630829
4.98864	0.00629253
4.98832	0.00628344
4.9886	0.00627257
4.98832	0.00626197
4.98867	0.00625494
4.98845	0.00624208
4.98875	0.00623296
4.98882	0.00621685
4.98882	0.00620052
4.98877	0.00618443
4.98873	0.00616838
4.98798	0.00619783
4.98852	0.00620491
4.98824	0.00619504
4.9882	0.00617915
4.98856	0.00617357
4.98853	0.00615771
4.98843	0.00614277
4.98824	0.00613017
4.9882	0.0061146
4.9886	0.00611204
4.98857	0.00609658
4.98856	0.00608114
4.98922	0.00610109
4.98886	0.00609606
4.98944	0.00610793
4.98994	0.00611357
4.98988	0.00609858
4.99015	0.00608946
4.99009	0.00607458
4.99029	0.00606263
4.99022	0.00604805
4.99035	0.00603453
4.99058	0.00602433
4.99052	0.00600991
4.99032	0.00599827
4.98996	0.00599437
4.99005	0.00598035
4.98986	0.00596887
4.98955	0.00596221
4.98992	0.00595917
4.99012	0.00594803
4.98995	0.0059359
4.99007	0.00592281
4.99063	0.00593451
4.99098	0.00593109
4.99108	0.00591772
4.99116	0.00590417
4.99171	0.00591584
4.99171	0.00590181
4.99139	0.00589649
4.99197	0.00591107
4.99237	0.00591069
4.99242	0.005897
4.99269	0.00588929
4.99219	0.00589638
4.99244	0.00588777
4.99228	0.00587636
4.99251	0.00586743
4.9927	0.00585686
4.99318	0.00586317
4.9928	0.00586197
4.99266	0.00585027
4.99263	0.00583689
4.99296	0.00583266
4.99285	0.00582042
4.99295	0.00580813
4.9926	0.00580583
4.99293	0.00580238
4.99286	0.00578975
4.99268	0.00577923
4.99336	0.00580605
4.99308	0.00579984
4.9929	0.00578979
4.99284	0.00577711
4.99305	0.00576808
4.99298	0.0057556
4.99296	0.00574283
4.99301	0.00573024
4.99322	0.00572147
4.9934	0.00571174
4.9934	0.00569915
4.99336	0.00568677
4.99319	0.00567673
4.99323	0.00566442
4.99343	0.00565569
4.99358	0.00564526
4.99367	0.00563382
4.99384	0.00562417
4.99368	0.00561434
4.99371	0.00560226
4.99359	0.00559144
4.99368	0.00558005
4.99367	0.00556807
4.99304	0.00559143
4.99291	0.00558106
4.9926	0.00557767
4.99311	0.00558882
4.99312	0.00557696
4.99287	0.00557089
4.99262	0.00556448
4.99277	0.00555474
4.99268	0.0055438
4.99278	0.00553301
4.99353	0.00557178
4.99327	0.00556624
4.99313	0.00555616
4.99334	0.00554844
4.99319	0.00553893
4.99281	0.00554075
4.99264	0.00553188
4.99302	0.00553363
4.99302	0.00552221
4.99302	0.00551084
4.99334	0.00550903
4.99363	0.00550516
4.99334	0.00550175
4.99349	0.00549266
4.99347	0.00548148
4.99357	0.00547124
4.99377	0.0054637
4.99389	0.00545384
4.99374	0.0054448
4.9938	0.00543414
4.99384	0.00542335
4.99397	0.00541408
4.99382	0.0054053
4.994	0.00539724
