4.99665	0
4.97001	0.0266406
4.8481	0.122881
4.88599	0.0947941
4.84385	0.0846607
4.86302	0.0717324
4.85708	0.0609144
4.83924	0.0556911
4.85042	0.0503724
4.84506	0.045372
4.8521	0.0416387
4.88218	0.0484784
4.88695	0.0448474
4.9176	0.0516102
4.91541	0.0480966
4.91649	0.0450034
4.91041	0.0427094
4.90862	0.0403064
4.90541	0.0382608
4.91812	0.0384579
4.93127	0.0388743
4.94787	0.0406107
4.9417	0.0392924
4.94097	0.0376266
4.94739	0.0366559
4.94925	0.0352668
4.95844	0.0351583
4.96329	0.0342256
4.9664	0.0331706
4.97649	0.0335948
4.98031	0.0327168
4.98901	0.0328512
4.97832	0.0335856
4.97808	0.0325836
4.9655	0.034051
4.96512	0.0330938
4.96633	0.0322095
4.97195	0.0318505
4.96699	0.0314167
4.96313	0.0308638
4.9626	0.0301063
4.95965	0.0295284
4.96661	0.0296608
4.967	0.0289815
4.96748	0.0283342
4.96286	0.0280937
4.96257	0.027491
4.96205	0.0269171
4.96161	0.0263657
4.96335	0.0258913
4.9719	0.0267795
4.97383	0.0263302
4.97181	0.0259075
4.97167	0.0254235
4.96809	0.0252132
4.96781	0.0247604
4.96466	0.0245253
4.9668	0.0241935
4.97005	0.0240019
4.97215	0.0236915
4.97394	0.0233681
4.96969	0.0233774
4.97425	0.0234507
4.97251	0.0231466
4.97035	0.0228896
4.96994	0.0225439
4.97624	0.0230812
4.97614	0.0227395
4.97563	0.0224133
4.97284	0.0222668
4.97232	0.021957
4.9708	0.0217034
4.97586	0.0219953
4.97386	0.0217879
4.97777	0.0218471
4.97483	0.0217567
4.97484	0.0214723
4.97199	0.0213855
4.96905	0.0213171
4.97113	0.0211514
4.96801	0.0211202
4.97216	0.0212695
4.97474	0.02117
4.97458	0.020917
4.97412	0.0206745
4.97196	0.0205469
4.97008	0.0203962
4.96905	0.0201897
4.97246	0.0202513
4.97361	0.0200582
4.97198	0.0199033
4.97211	0.0196862
4.97004	0.0195833
4.97074	0.0193866
4.97045	0.0191835
4.96716	0.0192663
4.96864	0.0191241
4.96521	0.0192368
4.96469	0.0190486
4.96522	0.0188647
4.96499	0.0186783
4.96573	0.0185088
4.96527	0.0183339
4.96759	0.0183045
4.97174	0.0185976
4.97045	0.0184665
4.96844	0.0184032
4.96845	0.018232
4.96598	0.018233
4.96684	0.0180871
4.96422	0.0181137
4.96338	0.0179711
4.96227	0.0178456
4.9637	0.0177461
4.96177	0.0176974
4.96053	0.0175874
4.96075	0.0174378
4.96275	0.0174042
4.96267	0.0172575
4.96095	0.0171986
4.96056	0.0170604
4.96163	0.0169535
4.96283	0.0168581
4.96138	0.0167841
4.96255	0.0166904
4.9634	0.016579
4.96295	0.016454
4.96185	0.0163622
4.96126	0.0162453
4.96425	0.0163952
4.96368	0.0162796
4.96207	0.0162355
4.96121	0.016136
4.96097	0.016017
4.95978	0.0159425
4.96196	0.0159747
4.96198	0.0158576
4.96444	0.0159339
4.96435	0.0158191
4.96523	0.0157299
4.96641	0.0156629
4.96283	0.0159594
4.96289	0.0158475
4.96281	0.0157373
4.96336	0.0156383
4.96296	0.0155359
4.96388	0.0154569
4.96435	0.0153595
4.96509	0.0152739
4.96528	0.0151729
4.96483	0.0150789
4.96703	0.0151391
4.9666	0.015046
4.96737	0.0149681
4.96626	0.0149128
4.96424	0.0149539
4.96371	0.0148678
4.96581	0.0149218
4.96544	0.0148322
4.9629	0.0149572
4.96283	0.0148642
4.96277	0.0147722
4.96404	0.0147357
4.96378	0.0146479
4.96314	0.0145727
4.96175	0.0145516
4.96176	0.0144642
4.96164	0.0143783
4.96335	0.0143946
4.96256	0.014331
4.96171	0.0142726
4.96145	0.0141918
4.96065	0.0141324
4.96173	0.0140925
4.96313	0.0140815
4.96436	0.0140558
4.96334	0.0140134
4.96288	0.0139421
4.9644	0.013947
4.96447	0.0138695
4.96203	0.0140069
4.96301	0.0139641
4.96159	0.0139604
4.96362	0.0140318
4.96343	0.013957
4.96338	0.0138819
4.96404	0.0138235
4.96292	0.0137953
4.96377	0.013748
4.96376	0.0136755
4.96364	0.0136042
4.96457	0.0135648
4.96388	0.0135119
4.96292	0.0134766
4.96375	0.0134333
4.96343	0.0133685
4.96169	0.0134143
4.96217	0.0133551
4.96267	0.0132971
4.96466	0.0133787
4.96655	0.0134464
4.96694	0.0133853
4.96705	0.0133196
4.96744	0.0132599
4.96702	0.0132019
4.96688	0.0131384
4.96679	0.0130751
4.9672	0.0130188
4.96722	0.0129564
4.96757	0.0128994
4.96929	0.0129529
4.96938	0.012892
4.96869	0.0128495
4.97012	0.0128687
4.96874	0.0128822
4.97008	0.0128917
4.97007	0.0128322
4.96953	0.0127845
4.97019	0.0127427
4.97053	0.0126893
4.97037	0.0126327
4.97004	0.0125801
4.97054	0.0125338
4.96991	0.0124937
4.97011	0.0124396
4.96922	0.0124166
4.96876	0.0123702
4.96867	0.0123162
4.96805	0.012278
4.96889	0.0122532
4.96935	0.0122088
4.97078	0.0122395
4.97205	0.0122523
4.97211	0.0122
4.97445	0.0123701
4.97562	0.0123734
4.97547	0.0123219
4.97539	0.0122704
4.97513	0.0122216
4.97503	0.012171
4.97507	0.0121205
4.97568	0.0120857
4.97439	0.012104
4.97419	0.012056
4.97459	0.0120133
4.97435	0.0119668
4.97512	0.011943
4.97576	0.0119123
4.97485	0.0118998
4.97477	0.0118523
4.97509	0.0118093
4.97353	0.0118652
4.97291	0.0118343
4.97361	0.0118084
4.97398	0.0117676
4.97405	0.0117218
4.9745	0.0116847
4.97468	0.0116407
4.97474	0.0115959
4.97512	0.0115574
4.97487	0.0115157
4.97465	0.0114737
4.97481	0.0114311
4.97532	0.0113994
4.97508	0.011359
4.97508	0.0113163
4.97442	0.0112927
4.97374	0.011271
4.97461	0.0112622
4.97418	0.0112286
4.9747	0.0111996
4.97523	0.0111707
4.97445	0.0111572
4.97432	0.0111171
4.97393	0.0110835
4.97326	0.0110636
4.97337	0.0110241
4.97357	0.0109861
4.97312	0.0109556
4.97374	0.0109338
4.97472	0.010939
4.97478	0.0109002
4.97545	0.0108822
4.97634	0.0108802
4.97651	0.0108433
4.97557	0.0108457
4.9753	0.0108112
4.97417	0.0108328
4.9749	0.0108197
4.97549	0.0107987
4.97579	0.0107656
4.97586	0.0107289
4.97544	0.0107008
4.97481	0.0106826
4.97421	0.0106635
4.97469	0.0106382
4.97494	0.0106054
4.97491	0.0105698
4.97512	0.0105364
4.97421	0.0105403
4.97394	0.0105088
4.97409	0.0104751
4.97377	0.0104452
4.97352	0.0104139
4.97442	0.0104185
4.97493	0.010397
4.97499	0.0103633
4.97539	0.0103374
4.97517	0.0103063
4.97503	0.0102739
4.97485	0.0102425
4.97655	0.0103508
4.97654	0.0103177
4.9762	0.0102904
4.97539	0.0102899
4.97548	0.0102577
4.97585	0.0102318
4.97614	0.0102037
4.9761	0.0101717
4.97621	0.0101406
4.9753	0.0101501
4.97521	0.010119
4.97434	0.0101252
4.97472	0.010101
4.97442	0.0100741
4.97464	0.0100455
4.97384	0.0100464
4.97528	0.0101182
4.97498	0.0100918
4.97492	0.0100614
4.97467	0.010034
4.9741	0.01002
4.97381	0.00999418
4.9745	0.00998819
4.97409	0.00996686
4.97442	0.00994288
4.97444	0.00991334
4.97529	0.0099203
4.97529	0.009891
4.97424	0.00991773
4.9744	0.00988994
4.97498	0.00987781
4.97477	0.00985117
4.97572	0.00986859
4.97554	0.00984155
4.97512	0.00982238
4.97424	0.00983296
4.97427	0.00980471
4.97388	0.00978463
4.97457	0.00978135
4.97505	0.00976523
4.97547	0.00974668
4.97623	0.0097481
4.97638	0.00972172
4.97625	0.00969519
4.97664	0.00967607
4.9772	0.00966514
4.97737	0.00963956
4.9774	0.00961273
4.97721	0.00958796
4.97756	0.00956782
4.9782	0.00956314
4.9781	0.00953738
4.97846	0.00951804
4.97881	0.00949857
4.9801	0.00956014
4.9802	0.00953454
4.97974	0.00951984
4.97956	0.00949571
4.98038	0.00950599
4.98138	0.00953274
4.9809	0.00951939
4.98089	0.00949384
4.98109	0.00947057
4.98105	0.00944535
4.98094	0.00942094
4.98083	0.0093965
4.98129	0.00938268
4.98158	0.00936244
4.98114	0.00934789
4.98074	0.00933222
4.98037	0.00931506
4.9806	0.0092936
4.98051	0.00926976
4.98041	0.00924618
4.97966	0.00925336
4.9799	0.00923259
4.98055	0.00923185
4.98023	0.00921374
4.98059	0.00919717
4.98006	0.00918896
4.97977	0.00916992
4.97911	0.00917041
4.97821	0.00919109
4.97783	0.00917584
4.97835	0.00916726
4.97831	0.00914421
4.97866	0.00912808
4.97859	0.00910546
4.9783	0.00908745
4.9778	0.00907864
4.97703	0.00908865
4.9766	0.00907593
4.976	0.00907325
4.9763	0.00905558
4.97596	0.00903948
4.97563	0.00902325
4.97576	0.00900196
4.97564	0.00898074
4.97556	0.00895915
4.97634	0.00897154
4.97664	0.00895487
4.97644	0.00893553
4.97597	0.00892622
4.9765	0.00892043
4.97682	0.00890473
4.97749	0.00890881
4.97739	0.00888802
4.97851	0.00893645
4.97831	0.00891736
4.97881	0.00890993
4.97866	0.00888993
4.97877	0.00886952
4.97902	0.0088521
4.97888	0.00883234
4.97863	0.00881508
4.97814	0.00880846
4.97831	0.00878967
4.97883	0.00878446
4.97824	0.00878394
4.97833	0.008764
4.97749	0.00878454
4.9771	0.00877276
4.97734	0.00875584
4.97764	0.00874077
4.97777	0.00872173
4.97721	0.00871963
4.97721	0.0086997
4.97787	0.00870487
4.97733	0.0087018
4.97698	0.00868909
4.97672	0.00867346
4.97753	0.00869207
4.97772	0.00867458
4.9781	0.00866313
4.97808	0.0086437
4.97799	0.00862486
4.97785	0.00860665
4.9785	0.00861172
4.97802	0.00860603
4.97773	0.00859181
4.97774	0.00857278
4.97752	0.00855672
4.97726	0.00854175
4.97697	0.00852776
4.9775	0.00852561
4.97737	0.00850803
4.97728	0.00848993
4.97706	0.00847408
4.97696	0.00845625
4.97692	0.00843801
4.97647	0.00843155
4.97664	0.00841502
4.97681	0.0083986
4.97628	0.00839721
4.97688	0.00840053
4.97684	0.00838263
4.97689	0.00836484
4.97727	0.0083557
4.97744	0.00833961
4.97727	0.00832359
4.97674	0.00832295
4.97679	0.00830553
4.97712	0.00829451
4.97732	0.00827942
4.97737	0.00826216
4.97767	0.00825022
4.97835	0.00826108
4.97874	0.00825298
4.97884	0.00823635
4.97848	0.00822693
4.97839	0.0082104
4.97805	0.00820021
4.97747	0.00820364
4.97707	0.0081965
4.9766	0.00819353
4.97688	0.00818167
4.97685	0.00816496
4.9772	0.00815599
4.97704	0.0081409
4.97761	0.00814443
4.97729	0.00813442
4.97741	0.00811886
4.97802	0.00812501
4.97761	0.00811884
4.97772	0.0081032
4.97736	0.00809498
4.97855	0.00816592
4.9782	0.00815676
4.97853	0.00814686
