24.5957	0
13.0997	11.496
9.19768	7.69923
7.2931	5.76771
6.13251	4.61593
5.36973	3.84531
4.83387	3.29376
4.39505	2.88604
4.06358	2.56674
3.83087	2.30753
3.60962	2.09893
3.43548	1.92395
3.28613	1.77606
3.15703	1.64938
3.04513	1.53956
2.9366	1.44421
2.84307	1.35982
2.77332	1.28395
2.70767	1.21626
2.65087	1.15525
2.59527	1.10026
2.5402	1.0505
2.49318	1.00489
2.45342	0.962933
2.41603	0.924369
2.38359	0.888697
2.34857	0.855866
2.31691	0.825341
2.28561	0.796987
2.25912	0.770418
2.2395	0.74541
2.21259	0.722242
2.19333	0.700279
2.17237	0.679693
2.15661	0.660176
2.14081	0.64177
2.11894	0.624567
2.10181	0.60815
2.08811	0.59251
2.07672	0.577619
2.06197	0.563548
2.0492	0.550115
2.03688	0.53731
2.02093	0.525199
2.00796	0.513559
1.99829	0.502364
1.98662	0.491698
1.97343	0.481526
1.96761	0.471632
1.95569	0.462257
1.94754	0.453176
1.93798	0.444478
1.93072	0.436071
1.92148	0.42802
1.91192	0.420274
1.90507	0.412758
1.89927	0.405493
1.88903	0.398572
1.88531	0.391776
1.88134	0.385212
1.87878	0.378853
1.8703	0.372789
1.8631	0.366894
1.85519	0.361203
1.84993	0.355641
1.84077	0.350331
1.83955	0.345065
1.83951	0.339952
1.83406	0.335034
1.82732	0.330282
1.82576	0.3256
1.82194	0.321069
1.81871	0.316657
1.81391	0.312385
1.81018	0.308214
1.80471	0.304181
1.80392	0.300206
1.79878	0.296377
1.79491	0.292626
1.79401	0.288947
1.79257	0.285361
1.78777	0.2819
1.78492	0.278498
1.77945	0.275217
1.7754	0.27199
1.77359	0.268815
1.77185	0.265713
1.76669	0.262726
1.76558	0.25976
1.7618	0.256885
1.75742	0.254085
1.75637	0.25131
1.7564	0.248593
1.75301	0.245958
1.75032	0.24337
1.74895	0.240825
1.747	0.238337
1.74662	0.235893
1.74299	0.233526
1.74035	0.231194
1.73738	0.228913
1.73391	0.226684
1.73214	0.22448
1.73219	0.222311
1.72912	0.220205
1.7262	0.218137
1.72399	0.2161
1.72405	0.21409
1.72256	0.212122
1.72064	0.210193
1.72133	0.208292
1.71803	0.20645
1.71547	0.204631
1.71279	0.202846
1.71124	0.20108
1.70722	0.19938
1.70446	0.197688
1.70148	0.196028
1.69938	0.194385
1.69678	0.192776
1.69533	0.191181
1.69382	0.189614
1.69181	0.188077
1.68976	0.186565
1.6901	0.185067
1.68706	0.183617
1.68787	0.182168
1.68466	0.180767
1.6836	0.179364
1.68432	0.17798
1.68368	0.176617
1.68308	0.175275
1.68109	0.173964
1.68055	0.172661
1.68004	0.171379
1.67862	0.17012
1.67771	0.168876
1.67578	0.167659
1.67464	0.166452
1.67193	0.165281
1.67024	0.164113
1.66928	0.162956
1.66868	0.161814
1.66831	0.160687
1.66778	0.159576
1.66605	0.158488
1.66423	0.157417
1.66331	0.156352
1.66073	0.155321
1.65917	0.15429
1.658	0.153269
1.65752	0.152258
1.65676	0.151262
1.65573	0.15028
1.65344	0.149325
1.65359	0.148364
1.65387	0.147417
1.65228	0.146489
1.65064	0.145574
1.65206	0.144669
1.65234	0.143768
1.6524	0.142877
1.65152	0.142001
1.65047	0.141136
1.6485	0.140292
1.6488	0.139445
1.64766	0.138612
1.64633	0.137791
1.64515	0.136978
1.64481	0.13617
1.64288	0.135385
1.64267	0.134596
1.64135	0.133822
1.64011	0.133057
1.6406	0.132295
1.63977	0.131544
1.64007	0.130799
1.63929	0.130065
1.63906	0.129336
1.64002	0.128619
1.63966	0.127907
1.63814	0.127212
1.63677	0.126522
1.63589	0.125835
1.63494	0.125157
1.63464	0.124483
1.6328	0.123829
1.63248	0.123169
1.63161	0.122519
1.63131	0.121872
1.63102	0.121233
1.63096	0.1206
1.62906	0.119988
1.62844	0.11937
1.62682	0.118767
1.62652	0.11816
1.62584	0.117561
1.62546	0.116966
1.62472	0.116379
1.62495	0.115796
1.62369	0.115225
1.62273	0.114658
1.62189	0.114095
1.62073	0.11354
1.61956	0.112991
1.61918	0.112441
1.61915	0.111897
1.61843	0.11136
1.61708	0.110834
1.61735	0.110305
1.61706	0.109782
1.61643	0.109264
1.61718	0.108753
1.61776	0.108245
1.61864	0.107744
1.61795	0.107246
1.61781	0.106751
1.61729	0.106261
1.61727	0.105775
1.61669	0.105295
1.61546	0.104824
1.61572	0.104351
1.6143	0.103892
1.61435	0.103427
1.61342	0.102971
1.6123	0.10252
1.61202	0.102068
1.61054	0.10163
1.61006	0.101187
1.61007	0.100746
1.60957	0.10031
1.60882	0.0998794
1.60765	0.0994567
1.60743	0.099031
1.60653	0.0986128
1.60611	0.0981949
1.60613	0.0977797
1.60576	0.0973688
1.6047	0.0969663
1.60338	0.0965705
1.60289	0.0961701
1.60171	0.0957792
1.60121	0.0953856
1.60062	0.0949957
1.60044	0.0946073
1.60058	0.094222
1.5996	0.0938449
1.59945	0.0934659
1.59952	0.0930898
1.59924	0.0927171
1.59963	0.0923478
1.59894	0.0919831
1.5988	0.091619
1.59771	0.091264
1.59757	0.0909055
1.59713	0.0905508
1.59661	0.0901993
1.596	0.089851
1.59502	0.0895088
1.59461	0.0891648
1.59407	0.0888242
1.59361	0.0884857
1.59306	0.0881504
1.59269	0.0878166
1.59223	0.0874858
1.592	0.0871566
1.59165	0.0868303
1.59143	0.0865059
1.59133	0.0861838
1.59066	0.0858667
1.59055	0.0855493
1.59023	0.0852348
1.58929	0.0849273
1.58873	0.0846186
1.58828	0.0843115
1.58764	0.0840079
1.5874	0.0837044
1.58747	0.0834028
1.58746	0.0831033
1.58707	0.0828069
1.58736	0.0825122
1.5866	0.0822225
1.58568	0.0819367
1.58492	0.0816512
1.58542	0.0813658
1.58461	0.0810849
1.58412	0.0808034
1.58378	0.080523
1.58342	0.0802447
1.58324	0.0799677
1.58279	0.0796937
1.58263	0.0794205
1.58214	0.0791505
1.58177	0.0788817
1.58125	0.0786155
1.58118	0.0783495
1.58124	0.0780853
1.58058	0.0778256
1.58065	0.0775649
1.58019	0.0773073
1.58015	0.07705
1.58042	0.076795
1.58041	0.0765411
1.58017	0.0762893
1.57934	0.0760433
1.57885	0.075796
1.57941	0.0755507
1.57919	0.0753054
1.57867	0.075063
1.57864	0.0748205
1.57818	0.074581
1.57838	0.0743418
1.57858	0.0741042
1.57849	0.0738679
1.57788	0.0736355
1.57755	0.0734029
1.57764	0.073171
1.5774	0.0729409
1.57685	0.072714
1.57681	0.0724865
1.57659	0.0722606
1.57614	0.0720372
1.57579	0.0718147
1.57548	0.0715934
1.57532	0.071373
1.57551	0.0711539
1.57561	0.0709361
1.57554	0.0707195
1.57541	0.0705044
1.57485	0.0702926
1.57476	0.07008
1.57446	0.0698692
1.57488	0.0696604
1.57475	0.0694516
1.57413	0.0692468
1.57352	0.0690431
1.57299	0.0688399
1.57307	0.068636
1.57223	0.0684384
1.5716	0.0682397
1.5713	0.06804
1.57124	0.0678408
1.57103	0.0676431
1.57065	0.0674472
1.57057	0.0672514
1.57019	0.0670578
1.56946	0.0668683
1.56943	0.0666759
1.56886	0.066487
1.56892	0.0662968
1.56863	0.0661083
1.56797	0.0659236
1.56789	0.0657366
1.56686	0.0655587
1.56676	0.0653739
1.56623	0.0651921
1.56659	0.0650102
1.56647	0.0648285
1.5656	0.0646535
1.56492	0.0644773
1.5647	0.0642988
1.56479	0.064121
1.56455	0.0639446
1.56422	0.0637695
1.5641	0.0635946
1.5639	0.063421
1.56376	0.0632481
1.56477	0.0630841
1.5645	0.0629134
1.564	0.0627452
1.56396	0.0625759
1.56353	0.0624089
1.56304	0.0622433
1.56248	0.0620791
1.56202	0.0619151
1.56162	0.0617515
1.56137	0.061588
1.56134	0.0614249
1.5611	0.0612631
1.56102	0.0611017
1.5606	0.0609425
1.56035	0.0607833
1.56033	0.0606244
1.5602	0.0604664
1.56	0.0603095
1.56	0.0601531
1.55961	0.0599988
1.55997	0.059845
1.55985	0.0596911
1.55952	0.0595388
1.55934	0.0593866
1.55865	0.0592389
1.55841	0.0590885
1.55837	0.0589383
1.55757	0.0587944
1.55783	0.0586463
1.55796	0.0584986
1.55777	0.0583517
1.55727	0.0582075
1.55729	0.0580618
1.55727	0.0579168
1.55717	0.0577726
1.55783	0.057633
1.55796	0.0574903
1.55749	0.0573501
1.5572	0.0572094
1.55721	0.0570686
1.55713	0.0569287
1.557	0.0567894
1.55666	0.0566518
1.55625	0.0565153
1.55548	0.0563831
1.55537	0.0562466
1.55588	0.0561129
1.55554	0.0559786
1.5557	0.0558441
1.5554	0.0557108
1.55527	0.0555775
1.55496	0.0554456
1.55475	0.0553139
1.55408	0.0551864
1.55383	0.0550561
1.55367	0.054926
1.55428	0.0547997
1.5542	0.0546707
1.55442	0.0545426
1.55414	0.0544155
1.55434	0.0542885
1.55408	0.0541624
1.55379	0.0540371
1.5538	0.0539116
1.55331	0.0537889
1.55298	0.0536655
1.55314	0.053542
1.55277	0.0534201
1.55249	0.0532981
1.55243	0.0531761
1.55236	0.0530546
1.55246	0.0529337
1.55227	0.0528136
1.55234	0.0526937
1.55235	0.0525744
1.55216	0.0524559
1.55267	0.0523401
1.55278	0.0522225
1.55294	0.0521055
1.55277	0.0519891
1.55253	0.0518734
1.55225	0.0517585
1.55186	0.0516449
1.55175	0.0515303
1.55167	0.0514163
1.55135	0.0513036
1.5511	0.0511911
1.55098	0.0510786
1.55111	0.0509667
1.55049	0.0508588
1.54996	0.0507503
1.54984	0.0506398
1.5498	0.0505296
1.54968	0.05042
1.54926	0.0503126
1.54922	0.0502038
1.54938	0.0500957
1.54984	0.04999
1.54961	0.0498831
1.5494	0.0497766
1.54872	0.0496747
1.54887	0.0495689
1.54842	0.0494654
1.54822	0.0493607
1.54798	0.0492566
1.54782	0.0491526
1.54764	0.0490491
1.54736	0.0489465
1.54733	0.0488436
1.54711	0.0487416
1.54684	0.0486403
1.54668	0.0485389
1.54714	0.0484398
1.54739	0.0483396
1.54725	0.0482394
1.54698	0.0481402
1.54663	0.0480419
1.54663	0.0479428
1.54673	0.0478441
1.54691	0.0477461
1.54651	0.0476499
1.54659	0.0475524
1.54676	0.0474555
1.54651	0.0473594
1.54645	0.0472631
1.54655	0.0471673
1.54587	0.0470766
1.54574	0.0469816
1.54635	0.0468907
1.54616	0.0467966
1.54625	0.0467027
1.54593	0.0466101
1.54574	0.0465172
