1.46835	0
1.4669	0.00145493
1.47557	0.00871499
1.46869	0.00923887
1.47015	0.00730418
1.47615	0.00846113
1.47786	0.00735156
1.47713	0.00640803
1.4769	0.00565609
1.48031	0.0060985
1.48897	0.0102721
1.48451	0.010385
1.48993	0.0109815
1.49178	0.0103348
1.48372	0.0125516
1.48098	0.0120553
1.48186	0.0113574
1.48601	0.0114854
1.48399	0.0110497
1.48346	0.0104962
1.48379	0.00998928
1.48338	0.00953305
1.48459	0.00918896
1.48574	0.00887278
1.48297	0.00895104
1.48512	0.00886325
1.4871	0.00875745
1.48756	0.0084511
1.48768	0.00815544
1.48634	0.00799335
1.48803	0.00791398
1.48924	0.00775748
1.49041	0.00761039
1.48976	0.00741216
1.4892	0.00721908
1.48981	0.00704204
1.49004	0.00685319
1.49263	0.00715404
1.49238	0.00697261
1.49188	0.00681461
1.4926	0.00668513
1.49377	0.00662855
1.49228	0.00664308
1.49285	0.00651555
1.49319	0.0063785
1.4927	0.00625806
1.49308	0.00613549
1.49256	0.00602848
1.49282	0.00590955
1.49305	0.00579497
1.4933	0.00568549
1.49293	0.00558719
1.4932	0.00548751
1.49183	0.00555755
1.4914	0.00547207
1.49233	0.00545343
1.49302	0.00540058
1.49382	0.00536744
1.49423	0.0052912
1.49615	0.00554477
1.49741	0.00559829
1.49732	0.00550809
1.49765	0.00542978
1.49715	0.00536689
1.49656	0.00531738
1.49655	0.00523619
1.49688	0.00516786
1.49725	0.00510475
1.4974	0.00503257
1.49776	0.00497262
1.4997	0.00527304
1.49983	0.00520084
1.49978	0.00512929
1.49952	0.00506646
1.50004	0.00502596
1.50068	0.00499989
1.50003	0.00497631
1.49992	0.00491351
1.4995	0.00486831
1.49931	0.00481083
1.49918	0.0047529
1.4988	0.00471022
1.49881	0.00465313
1.4987	0.00459869
1.49778	0.00463648
1.49813	0.00459591
1.49813	0.00454278
1.49814	0.00449087
1.4976	0.00447198
1.49767	0.00442247
1.4983	0.00441883
1.49816	0.00437278
1.49794	0.00433121
1.49795	0.0042849
1.49808	0.0042417
1.49831	0.00420311
1.49829	0.00415958
1.49766	0.0041644
1.49793	0.00413071
1.49765	0.00409869
1.49838	0.00412249
1.49856	0.00408598
1.49809	0.00407315
1.49855	0.00405905
1.49821	0.00403391
1.49787	0.00401041
1.49776	0.00397438
1.49722	0.0039737
1.49648	0.00400542
1.49601	0.00399736
1.49535	0.00401605
1.4961	0.0040518
1.49618	0.00401645
1.49649	0.00399358
1.49644	0.00395905
1.49624	0.00392994
1.49649	0.00390396
1.49652	0.00387092
1.4962	0.00385195
1.49598	0.00382584
1.49623	0.00380205
1.49687	0.00382426
1.49691	0.00379332
1.49689	0.00376265
1.49676	0.0037347
1.49699	0.00371161
1.49726	0.00369223
1.49735	0.00366432
1.4974	0.00363618
1.49749	0.00360934
1.49724	0.00359083
1.49732	0.00356449
1.49716	0.00354127
1.49711	0.00351509
1.4972	0.00349015
1.49747	0.00347455
1.49738	0.00345017
1.49736	0.00342516
1.49754	0.00340512
1.49782	0.00339223
1.49778	0.00336825
1.49786	0.00334546
1.49787	0.00332199
1.49751	0.00331849
1.49776	0.00330532
1.49753	0.00329109
1.49759	0.00326925
1.49732	0.0032581
1.49749	0.00324067
1.49725	0.00322866
1.49716	0.00320822
1.49701	0.00319085
1.49696	0.00317024
1.49726	0.00316351
1.49703	0.0031517
1.4966	0.00316066
1.49659	0.00314047
1.49665	0.00312094
1.49644	0.00310834
1.49642	0.00308889
1.49642	0.00306965
1.49609	0.00306812
1.49623	0.00305245
1.4958	0.00306416
1.49584	0.0030458
1.49613	0.00304049
1.49586	0.00303388
1.49589	0.00301597
1.49576	0.00300132
1.49589	0.0029866
1.4956	0.00298269
1.49533	0.00297757
1.49545	0.00296254
1.4961	0.00301691
1.49625	0.00300335
1.49595	0.0030018
1.49615	0.00299163
1.4963	0.00297845
1.49664	0.00298132
1.49686	0.00297337
1.49699	0.0029596
1.49706	0.00294421
1.49695	0.00293021
1.49716	0.00292151
1.49714	0.00290574
1.49714	0.00289007
1.49745	0.00289077
1.49744	0.00287535
1.49762	0.00286598
1.49766	0.00285109
1.49781	0.00284004
1.49782	0.00282523
1.49777	0.0028109
1.49742	0.00281845
1.49752	0.00280576
1.4974	0.00279422
1.49727	0.00278302
1.4973	0.00276915
1.49715	0.00275943
1.49685	0.00276189
1.49725	0.00277659
1.49734	0.00276422
1.49744	0.00275255
1.49776	0.00275722
1.49809	0.00276405
1.49813	0.00275089
1.49834	0.0027458
1.49825	0.00273399
1.49831	0.0027214
1.49838	0.00270948
1.49842	0.00269688
1.49851	0.0026855
1.49834	0.00267842
1.49816	0.00267137
1.49827	0.0026611
1.49815	0.00265148
1.49822	0.00263998
1.49806	0.00263267
1.49805	0.00262064
1.49787	0.00261481
1.49769	0.00260943
1.49798	0.00261432
1.49836	0.0026295
1.4984	0.00261809
1.49831	0.00260782
1.49817	0.00260009
1.49846	0.00260416
1.4984	0.00259342
1.49818	0.00259101
1.49812	0.00258053
1.49821	0.00257102
1.49822	0.00255994
1.49855	0.00256946
1.49854	0.00255845
1.49833	0.00255642
1.49835	0.00254568
1.49811	0.00254679
1.498	0.00253853
1.49826	0.00254133
1.49862	0.00255718
1.49865	0.00254667
1.49878	0.00253954
1.49889	0.00253151
1.49883	0.00252183
1.49876	0.00251252
1.49878	0.00250241
1.49882	0.00249245
1.49894	0.00248527
1.49892	0.00247529
1.49898	0.00246589
1.4988	0.0024625
1.49864	0.00245757
1.499	0.00247318
1.4989	0.00246516
1.49896	0.00245608
1.49889	0.00244745
1.49918	0.00245481
1.499	0.00245125
1.49894	0.00244273
1.49882	0.00243608
1.49876	0.00242757
1.49885	0.00242023
1.49879	0.00241176
1.4988	0.00240262
1.49905	0.00240699
1.49917	0.00240078
1.49941	0.00240386
1.49947	0.00239551
1.49941	0.00238739
1.49944	0.0023788
1.49955	0.00237231
1.49932	0.00237407
1.49946	0.00236937
1.49952	0.00236154
1.49959	0.00235374
1.4994	0.00235228
1.4993	0.00234598
1.49945	0.00234217
1.49961	0.00233965
1.49983	0.00234082
1.49968	0.00233685
1.49981	0.00233205
1.49974	0.00232474
1.49976	0.00231656
1.49964	0.00231107
1.49958	0.0023039
1.49962	0.00229619
1.49972	0.00229043
1.49951	0.00229204
1.49979	0.00230091
1.49963	0.00229858
1.49999	0.00231867
1.49991	0.0023122
1.49992	0.0023044
1.50006	0.00230053
1.4999	0.00229835
1.50005	0.00229556
1.50001	0.00228825
1.49997	0.00228086
1.5001	0.00227671
1.50027	0.00227591
1.50025	0.00226847
1.50012	0.00226484
1.50011	0.00225741
1.5002	0.00225178
1.50031	0.00224728
1.50019	0.002243
1.50014	0.00223622
1.50029	0.00223355
1.50032	0.00222652
1.50038	0.00222028
1.50035	0.00221341
1.50052	0.00221305
1.50049	0.0022062
1.50049	0.00219919
1.50047	0.00219233
1.50063	0.00219111
1.50057	0.00218487
1.50042	0.00218328
1.50054	0.00217947
1.50051	0.00217284
1.50041	0.00216827
1.50042	0.00216156
1.50048	0.00215573
1.5005	0.00214918
1.50059	0.00214468
1.50066	0.00213911
1.5006	0.00213334
1.50043	0.00213366
1.50049	0.00212788
1.5004	0.00212305
1.50044	0.00211703
1.50056	0.00211396
1.50055	0.00210765
1.50059	0.00210184
1.50066	0.00209654
1.50037	0.00211082
1.50042	0.00210521
1.5003	0.00210201
1.50054	0.00210943
1.50043	0.00210632
1.50052	0.0021021
1.50074	0.0021072
1.50071	0.00210123
1.50062	0.00209706
1.50068	0.0020919
1.50077	0.00208759
1.50073	0.00208196
1.50076	0.00207617
1.5006	0.00207579
1.50069	0.00207153
1.5007	0.00206571
1.50064	0.00206075
1.50058	0.00205578
1.50076	0.00205784
1.50071	0.00205274
1.50065	0.00204788
1.50077	0.0020459
1.50086	0.00204182
1.50084	0.00203622
1.50084	0.00203057
1.50082	0.002025
1.50089	0.00202052
1.50106	0.00202175
1.50096	0.00201847
1.50092	0.00201338
1.50073	0.0020169
1.5007	0.00201163
1.50066	0.00200654
1.50071	0.00200163
1.50076	0.00199704
1.50072	0.00199219
1.50071	0.00198686
1.50102	0.00200612
1.50103	0.00200077
1.50112	0.00199778
1.50099	0.0019968
1.50089	0.00199391
1.50086	0.00198895
1.50094	0.00198549
1.50086	0.00198196
1.50092	0.00197756
1.50095	0.00197261
1.50099	0.00196794
1.50089	0.00196562
1.50081	0.00196198
1.50079	0.00195704
1.50081	0.0019521
1.50074	0.00194842
1.50076	0.00194354
1.50085	0.00194085
1.50086	0.00193589
1.50084	0.00193102
1.50081	0.00192636
1.50074	0.0019227
1.50078	0.0019183
1.50067	0.00191695
1.50066	0.00191213
1.50061	0.00190818
1.50057	0.00190373
1.50044	0.00190348
1.50043	0.00189876
1.50029	0.0018996
1.50027	0.00189493
1.50029	0.00189029
1.50039	0.00188835
1.50028	0.00188701
1.50031	0.00188258
1.50024	0.00187907
1.5003	0.00187543
1.50028	0.00187093
1.50024	0.00186685
1.50046	0.00187535
1.50046	0.00187083
1.50057	0.00186966
1.50064	0.0018666
1.50072	0.0018637
1.50076	0.00185982
1.50073	0.00185565
1.50084	0.00185454
1.50091	0.00185126
1.50085	0.00184769
1.50093	0.00184509
1.50097	0.00184104
1.50102	0.00183747
1.50086	0.00183977
1.50084	0.00183562
1.50075	0.00183335
1.50074	0.00182915
1.50079	0.00182577
1.50081	0.00182163
1.50079	0.00181759
1.50068	0.00181674
1.50099	0.00184013
1.50108	0.00183794
1.50088	0.00184464
1.5008	0.00184222
1.50082	0.00183811
1.50085	0.0018342
1.50082	0.00183032
1.50093	0.00182947
1.50088	0.00182601
1.50067	0.00183372
1.5006	0.00183091
1.50061	0.00182681
1.50049	0.00182642
1.50036	0.00182735
1.5004	0.00182372
1.50032	0.00182132
1.50032	0.00181726
1.50051	0.00182361
1.5006	0.00182138
1.50049	0.00182042
1.50051	0.00181656
1.50046	0.00181342
1.50046	0.00180944
1.50051	0.00180618
1.50063	0.00180618
1.50056	0.00180328
1.50072	0.00180614
1.50061	0.00180544
1.50068	0.0018029
1.50081	0.00180348
1.50084	0.00179979
1.5009	0.00179703
1.50089	0.0017932
1.50088	0.00178937
1.50097	0.00178757
1.50107	0.00178685
1.50103	0.00178361
1.50103	0.00177982
1.50105	0.00177608
1.50106	0.00177239
1.50103	0.00176888
1.50099	0.00176566
1.50088	0.00176513
1.50091	0.00176158
1.50093	0.00175806
1.50103	0.00175704
1.501	0.0017536
1.50096	0.0017505
1.501	0.0017473
1.50092	0.00174531
1.50098	0.00174275
1.50093	0.00174001
1.5009	0.00173659
1.50087	0.00173327
1.50095	0.0017315
1.50085	0.00173073
1.50091	0.00172812
1.50081	0.00172743
1.50076	0.00172483
1.50075	0.00172134
1.50075	0.00171785
1.50068	0.0017157
1.50076	0.00171403
1.50071	0.00171137
1.5007	0.00170795
1.50072	0.0017047
1.50071	0.00170139
