3.11031	0
2.22281	0.887502
1.93235	0.589
1.8031	0.43608
1.72967	0.345674
1.67682	0.287148
1.63873	0.245654
1.59999	0.216243
1.59984	0.190708
1.5837	0.171336
1.58667	0.155007
1.57126	0.142338
1.57833	0.131123
1.57913	0.121399
1.58147	0.11304
1.57529	0.10592
1.57186	0.0995533
1.5539	0.095564
1.56551	0.0911377
1.55441	0.0871708
1.54611	0.0833302
1.54508	0.0794589
1.5531	0.0763479
1.5503	0.073151
1.54661	0.070261
1.54125	0.0677173
1.53964	0.065181
1.54459	0.0630052
1.53993	0.0609725
1.53731	0.0589632
1.53413	0.0571181
1.52716	0.0557418
1.52169	0.0543017
1.52491	0.0527787
1.53031	0.0515315
1.52647	0.0502264
1.52837	0.0488872
1.52999	0.0476108
1.52992	0.046374
1.52419	0.0455618
1.5195	0.0446834
1.51579	0.0437642
1.51627	0.0427371
1.51552	0.0417612
1.51692	0.0408464
1.51467	0.0400118
1.51088	0.0393339
1.51422	0.03865
1.51167	0.0379384
1.50782	0.0373707
1.50858	0.0366386
1.50948	0.0359383
1.50586	0.0354398
1.50537	0.0347806
1.50395	0.0341722
1.50074	0.0337091
1.50239	0.0331531
1.5031	0.0325844
1.5073	0.0323012
1.5088	0.0317937
1.51084	0.0313349
1.50928	0.0308652
1.5105	0.0303959
1.51068	0.0299178
1.51046	0.0294547
1.50992	0.02901
1.51012	0.0285745
1.5098	0.028153
1.50827	0.0277843
1.51035	0.027463
1.51025	0.0270736
1.51077	0.0267001
1.51003	0.0263421
1.51066	0.0259911
1.50827	0.0257528
1.50794	0.0254138
1.50793	0.0250816
1.50775	0.0247586
1.50777	0.0244432
1.50859	0.0241497
1.50689	0.02391
1.5071	0.0236175
1.50874	0.0233889
1.50693	0.0231798
1.50652	0.0229092
1.50638	0.0226417
1.50533	0.0224046
1.50418	0.0221784
1.50317	0.0219512
1.50155	0.0217663
1.50008	0.021576
1.49984	0.0213416
1.49889	0.0211322
1.49922	0.0209088
1.49987	0.020698
1.49952	0.0204844
1.49956	0.0202721
1.49811	0.0201165
1.49756	0.0199197
1.49809	0.0197266
1.49725	0.0195486
1.49723	0.019356
1.49598	0.0192078
1.49572	0.019024
1.4966	0.0188628
1.49621	0.0186881
1.49529	0.0185356
1.49651	0.0184041
1.4964	0.0182348
1.4955	0.0180908
1.4952	0.0179296
1.49486	0.017772
1.49591	0.0176452
1.49539	0.0174975
1.495	0.017349
1.49841	0.0175331
1.49794	0.0173889
1.49833	0.0172453
1.49729	0.0171316
1.4986	0.0170389
1.498	0.016908
1.49871	0.0167836
1.49851	0.0166477
1.49875	0.0165146
1.49935	0.0163929
1.49896	0.0162669
1.49996	0.0161696
1.50004	0.0160429
1.49991	0.0159186
1.49967	0.0157974
1.50033	0.0156901
1.50073	0.0155758
1.5015	0.0154775
1.50134	0.0153624
1.49979	0.0153263
1.50048	0.0152289
1.49892	0.0151982
1.49779	0.0151298
1.49631	0.0150927
1.4966	0.0149871
1.49646	0.0148811
1.49655	0.0147762
1.49576	0.0146936
1.49753	0.0146975
1.49639	0.0146398
1.4958	0.0145513
1.49573	0.0144521
1.49694	0.0144051
1.49596	0.014342
1.4958	0.0142469
1.49435	0.0142266
1.49362	0.0141516
1.49404	0.0140652
1.49548	0.0140477
1.49429	0.0140075
1.49422	0.0139176
1.49379	0.0138356
1.49656	0.0140257
1.49625	0.0139407
1.49631	0.0138535
1.49443	0.0138953
1.49298	0.0138851
1.49379	0.0138236
1.49331	0.0137476
1.49314	0.013665
1.49406	0.0136134
1.49395	0.0135321
1.49567	0.0135605
1.49683	0.0135295
1.49587	0.013484
1.49638	0.0134149
1.49747	0.0133814
1.49791	0.0133108
1.49683	0.0132779
1.49576	0.0132451
1.49554	0.0131715
1.49463	0.0131284
1.49523	0.0130684
1.49481	0.0130019
1.49494	0.0129301
1.49518	0.0128607
1.49589	0.0128094
1.4959	0.0127392
1.49616	0.0126724
1.49791	0.0127244
1.49824	0.0126602
1.49795	0.0125956
1.49836	0.0125352
1.49807	0.0124721
1.49827	0.0124078
1.49839	0.0123433
1.49808	0.0122827
1.49827	0.0122203
1.49834	0.0121574
1.50009	0.0122201
1.4999	0.012159
1.49981	0.0120975
1.50036	0.0120491
1.50074	0.0119942
1.50069	0.0119342
1.50155	0.0119056
1.50172	0.0118477
1.50108	0.0118065
1.5021	0.0117923
1.5016	0.011745
1.50133	0.0116911
1.5015	0.0116357
1.50169	0.0115812
1.50063	0.0115747
1.50072	0.0115199
1.50066	0.0114653
1.50039	0.0114142
1.50206	0.0114829
1.50082	0.0114962
1.50096	0.0114435
1.50166	0.0114115
1.50138	0.0113623
1.50164	0.0113132
1.50211	0.0112709
1.50202	0.0112199
1.50239	0.0111753
1.5028	0.0111325
1.50318	0.011089
1.50257	0.0110566
1.50329	0.0110313
1.50271	0.010998
1.5022	0.0109609
1.50237	0.0109139
1.50286	0.0108774
1.50307	0.0108321
1.50239	0.0108068
1.50211	0.0107637
1.50196	0.0107185
1.5028	0.0107056
1.50335	0.010674
1.50343	0.010629
1.50297	0.0105941
1.50403	0.0106024
1.50521	0.0106242
1.50461	0.0105968
1.5051	0.0105638
1.50557	0.0105307
1.5053	0.0104908
1.50483	0.0104582
1.50544	0.0104335
1.5056	0.0103921
1.50579	0.0103519
1.50493	0.0103462
1.50501	0.0103049
1.50514	0.0102644
1.50438	0.0102519
1.5041	0.0102147
1.50475	0.010195
1.50453	0.0101573
1.50464	0.010118
1.50447	0.0100799
1.50438	0.010041
1.50395	0.0100114
1.50403	0.00997302
1.50458	0.0099499
1.50429	0.00991583
1.50367	0.00989741
1.50344	0.0098625
1.50334	0.00982553
1.50354	0.0097904
1.50354	0.00975352
1.50336	0.00971878
1.50303	0.00968806
1.50336	0.00965775
1.50351	0.00962307
1.50301	0.00960049
1.50289	0.00956582
1.50354	0.00955279
1.50404	0.009531
1.5041	0.00949642
1.50415	0.00946213
1.50333	0.00946375
1.50372	0.00943773
1.50333	0.00941191
1.50329	0.00937833
1.50293	0.00935193
1.50274	0.00932061
1.50305	0.00929291
1.5027	0.00926678
1.50227	0.00924429
1.50187	0.00922065
1.50189	0.0091885
1.50154	0.00916322
1.50249	0.00918092
1.50296	0.0091612
1.50298	0.00912969
1.50315	0.00909997
1.50355	0.00907747
1.50344	0.0090472
1.50335	0.00901692
1.50366	0.00899168
1.50415	0.00897489
1.50408	0.00894501
1.50428	0.00891728
1.50398	0.00889251
1.50377	0.00886532
1.50345	0.00884163
1.50287	0.00883202
1.50307	0.00880536
1.50339	0.00878211
1.50377	0.00876177
1.50404	0.00873741
1.50396	0.00870942
1.50418	0.00868393
1.5039	0.00866029
1.50355	0.0086396
1.50309	0.00862429
1.50318	0.00859717
1.50324	0.00856996
1.50344	0.00854523
1.50398	0.00853508
1.50415	0.00850979
1.50405	0.00848355
1.50407	0.00845693
1.50433	0.00843458
1.50413	0.00841084
1.50417	0.00838477
1.50384	0.00836507
1.50412	0.00834374
1.50433	0.00832079
1.50348	0.00833822
1.50331	0.0083144
1.50336	0.00828914
1.50341	0.00826403
1.50345	0.00823908
1.50325	0.00821654
1.5029	0.00819949
1.5029	0.00817483
1.50272	0.00815229
1.50278	0.00812814
1.50213	0.00813041
1.50191	0.00810923
1.50172	0.00808739
1.50211	0.00807285
1.50149	0.00807272
1.5012	0.0080542
1.5016	0.00804053
1.50145	0.00801842
1.50103	0.00800614
1.50125	0.00798578
1.50118	0.0079629
1.50102	0.00794157
1.50143	0.00792935
1.50118	0.00791063
1.50104	0.00788931
1.50092	0.00786764
1.50047	0.00785834
1.4999	0.00785642
1.49991	0.0078342
1.49983	0.00781249
1.4998	0.00779058
1.49985	0.00776888
1.50019	0.00775476
1.49983	0.00774168
1.49988	0.00772029
1.49959	0.00770433
1.49983	0.00768673
1.4998	0.00766556
1.49916	0.0076717
1.49895	0.00765334
1.49934	0.00764218
1.4994	0.00762159
1.49938	0.00760089
1.49933	0.00758043
1.49915	0.00756198
1.49907	0.00754195
1.49899	0.00752215
1.49993	0.00756099
1.5013	0.00766479
1.50088	0.00765628
1.50134	0.0076501
1.5014	0.00762997
1.5011	0.00761557
1.50137	0.00760021
1.50164	0.00758526
1.50186	0.00756825
1.50184	0.00754843
1.50186	0.00752872
1.50166	0.00751169
1.50179	0.00749318
1.50204	0.00747793
1.50158	0.00747252
1.5015	0.00745362
1.50155	0.00743461
1.50151	0.00741567
1.50145	0.00739692
1.50126	0.00738027
1.50085	0.00737303
1.50078	0.00735461
1.50066	0.00733691
1.50089	0.00732175
1.50078	0.00730405
1.50085	0.007286
1.50139	0.0072877
1.50211	0.00730507
1.50202	0.00728745
1.50141	0.00729408
1.50142	0.00727596
1.50116	0.00726269
1.50153	0.00725414
1.50094	0.00725967
1.50079	0.00724353
1.50071	0.00722617
1.50086	0.00721006
1.50068	0.00719473
1.501	0.00718458
1.50143	0.00717977
1.50163	0.00716506
1.50149	0.00714899
1.50126	0.00713546
1.50128	0.00711831
1.50112	0.00710317
1.5009	0.00708948
1.50115	0.00707703
1.50088	0.0070653
1.50058	0.00705482
1.5009	0.0070451
1.50059	0.00703533
1.50022	0.00702813
1.50042	0.0070143
1.50077	0.00700667
1.50095	0.00699249
1.50087	0.00697651
1.50048	0.00697129
1.50058	0.00695582
1.5003	0.00694527
1.49996	0.00693769
1.49967	0.00692758
1.49989	0.00691493
1.50007	0.00690133
1.50004	0.00688552
1.5003	0.00687437
1.50032	0.00685871
1.50037	0.00684321
1.5004	0.00682773
1.50091	0.00683138
1.50073	0.00681826
1.5007	0.00680292
1.50077	0.00678791
1.50031	0.00678793
1.50052	0.00677571
1.50058	0.00676081
1.50028	0.00675219
1.50054	0.00674196
1.50095	0.00673943
1.50049	0.00673984
1.50028	0.00672809
1.50046	0.00671545
1.50039	0.00670099
1.50089	0.0067052
1.50094	0.00669066
1.50124	0.00668254
1.50125	0.00666795
1.50147	0.00665719
1.50118	0.00664928
1.50118	0.00663484
1.50116	0.00662048
1.50104	0.00660726
1.50081	0.00659702
1.50103	0.00658644
1.50081	0.00657614
1.50092	0.00656309
1.50084	0.00654961
1.50168	0.00659011
1.50143	0.00658091
1.50142	0.00656693
1.50144	0.00655302
1.50135	0.00653975
1.50147	0.00652707
1.50109	0.00652481
1.50102	0.00651141
1.50095	0.00649811
1.50095	0.0064845
1.50105	0.00647174
1.50071	0.00646734
1.50131	0.00648138
1.50105	0.00647289
1.50074	0.00646699
1.50042	0.0064616
1.50051	0.00644894
1.50081	0.00644251
1.5009	0.00642993
1.5008	0.00641765
1.50093	0.00640584
1.5009	0.0063928
1.50097	0.00638017
1.50099	0.00636722
1.50054	0.00637007
1.50043	0.00635811
1.50027	0.00634739
1.50006	0.00633797
1.50004	0.00632525
1.5006	0.00633708
1.50079	0.00632738
1.50098	0.00631768
