BEST LOSS FUNCTION
32.426
32.1837
31.894
31.9179
31.7303
31.3539
31.1979
31.7259
30.9932
31.062
30.9623
30.8239
31.1003
31.2746
31.2496
30.3301
29.7754
29.0498
29.5594
29.8168
30.145
30.5906
31.3789
30.8644
31.0256
31.4251
31.4097
31.4695
31.9355
31.8047
31.2208
31.4914
31.7583
32.0611
32.326
31.7935
31.9503
31.7873
31.7888
31.0455
31.6611
31.7419
31.7594
31.3948
31.4449
31.2768
31.2441
30.8609
30.7824
30.7406
30.9813
31.3864
31.7537
31.3765
31.2457
31.292
31.4222
31.7028
31.177
31.0874
30.9354
31.1082
32.0169
31.937
31.9481
31.9278
31.7113
31.3283
31.4966
31.7855
31.2929
31.7863
32.1562
32.0594
31.9838
31.8144
31.6951
31.5108
31.5078
31.6815
31.6163
31.6999
31.1046
32.0394
31.9703
32.1009
32.1301
31.3767
31.3472
31.1184
30.6973
30.6502
30.6626
30.6146
30.4407
30.5719
30.7805
30.3788
30.365
30.1354
29.6183
28.8567
28.929
28.1646
27.6663
26.9311
26.6006
26.6092
25.7401
24.8069
24.5563
23.9887
24.4348
24.4967
24.0379
23.4027
23.0849
23.3206
22.9772
23.0181
22.8908
22.5368
22.3086
22.6229
22.642
22.8397
22.4776
22.2688
21.8892
21.5262
21.352
21.3215
21.2385
21.0521
20.933
20.674
20.7573
20.6099
20.2363
20.2469
20.1153
19.6082
19.4927
19.3971
19.0378
18.7406
18.6861
18.7351
18.7146
18.6576
18.6309
18.6507
18.6744
18.6222
18.6366
18.6974
18.7162
18.6412
18.7137
18.7238
18.842
18.7619
18.7634
18.6721
18.6857
18.5946
18.5132
18.5765
18.578
18.5139
18.4905
18.5873
18.5992
18.4227
18.4052
18.3679
18.3562
18.2586
18.1745
18.0509
17.9575
18.0202
17.8936
17.8834
17.813
17.68
17.576
17.5062
17.546
17.4148
17.2808
17.1643
17.1183
17.1635
17.1828
17.1246
17.1704
17.0948
16.899
16.6263
16.4928
16.6216
16.5231
16.485
16.5991
16.1795
16.0294
15.8748
15.8365
15.8718
16.2495
15.9623
15.7752
15.782
15.7363
15.5428
15.5516
15.4162
15.4116
15.4189
15.4264
15.4273
15.4987
15.4264
15.4396
15.3856
15.3788
15.3646
15.3638
15.3751
15.3691
15.3725
15.3475
15.3579
15.3734
15.3781
15.3851
15.3901
15.3859
15.3802
15.375
15.3669
15.3801
15.4148
15.4464
15.4153
15.2831
15.2466
15.1899
15.1555
15.1063
15.074
15.0738
15.0523
14.9756
15.0007
14.9411
14.936
14.9527
14.9842
14.9604
14.9425
14.9398
14.9366
14.9296
14.9079
14.9285
14.9367
14.9203
14.9218
14.9521
14.9271
14.9275
14.9578
14.8367
14.779
14.8217
14.7916
14.6726
14.5885
14.5331
14.4845
14.3999
14.3208
14.1492
14.0291
13.9951
13.87
13.9188
13.8845
13.9136
13.9655
13.9616
13.8444
13.8202
13.8175
13.8088
13.8221
13.8328
13.8192
