BEST LOSS FUNCTION
32.3288
32.3385
32.0056
31.967
31.8116
31.408
31.619
31.7245
31.6499
31.6674
31.7756
31.3955
31.5417
31.409
31.5947
31.2894
31.5365
31.2294
30.2335
29.3001
28.2453
27.0153
27.0524
26.6689
26.5089
26.1373
26.2827
26.2429
26.368
25.7007
25.7481
25.9914
25.0426
25.2676
24.5379
23.3004
22.9446
22.9099
22.7233
23.0952
22.8524
22.7677
22.3397
22.354
22.1329
21.9407
21.8606
21.8243
22.1368
22.0935
21.6507
21.5964
21.331
21.3458
20.8108
20.5943
20.5274
20.5139
20.388
20.2956
20.1434
19.9026
19.775
19.7595
19.7646
19.6719
19.4704
19.4831
19.3034
19.3004
19.1551
19.2544
18.8598
18.7215
18.6625
18.521
18.241
18.2305
18.1617
18.1221
18.082
18.0794
18.0755
18.0839
18.0543
18.0133
18.0086
18.0159
18.0263
18.1169
18.0332
18.1138
17.9682
17.9557
17.799
17.7023
17.4168
17.3424
17.2327
17.24
17.3796
17.1157
17.0141
17.0342
16.9218
16.814
16.8668
16.8925
16.7696
16.5741
16.4816
16.3737
16.2813
16.2342
16.1549
16.2009
16.1678
16.1643
16.1732
16.1368
16.144
16.0057
15.9316
15.8953
15.918
15.8429
15.7355
15.7674
15.7415
15.6741
15.6837
15.7042
15.7311
15.6295
15.5502
15.5035
15.4816
15.4794
15.4063
15.369
15.3133
15.3071
15.3314
15.3345
15.3007
15.2866
15.3179
15.2967
15.288
15.2618
15.1865
15.1338
15.1746
14.9926
14.9088
14.9023
14.7377
14.3266
14.172
14.0602
13.9764
13.9105
13.8696
13.8681
13.8653
13.8459
13.847
13.85
13.8417
13.8417
13.8445
13.8417
13.8417
13.8417
13.84
13.8415
13.8412
13.8417
13.8417
13.8417
13.8417
13.8417
13.8419
13.8417
13.8417
13.8417
13.8417
13.8417
13.8408
13.8408
13.84
13.8225
13.8299
13.8087
13.8003
13.7876
13.7986
13.7708
13.7451
13.733
13.6972
13.6604
13.6832
13.6813
13.7075
13.685
13.6819
13.5328
13.4966
13.3459
13.3355
13.3355
13.3344
13.3312
13.3302
13.3302
13.329
13.33
13.3214
13.3165
13.3234
13.3191
13.3094
13.3274
13.3308
13.3299
13.3299
13.3265
13.3219
13.3203
13.3004
13.2711
13.2644
13.2734
13.2103
13.205
13.137
12.9071
12.5575
12.0794
11.8165
11.5217
11.3858
11.4068
11.3369
11.3074
11.3019
11.3152
11.3024
11.2943
11.2926
11.2996
11.304
11.3067
11.3035
11.3016
11.2916
11.2954
11.2872
11.2791
11.2642
11.2704
11.2461
11.2298
11.2354
11.2201
11.204
11.1859
11.1652
11.1476
11.1736
11.1482
11.1405
11.1406
11.1369
11.1357
11.1296
11.1286
11.1299
11.1325
11.1349
11.1357
11.1281
11.126
11.124
11.1265
11.1265
11.1233
11.1235
11.1262
11.127
11.1287
11.13
11.1293
11.1288
11.1257
11.1242
11.1221
11.119
11.1191
