BEST LOSS FUNCTION SINGLE 
28.4324
28.4324
28.4324
28.4324
27.4058
27.4848
26.6695
28.1315
28.0947
28.0947
27.9083
27.107
27.5927
27.5415
27.5927
25.2389
25.6316
25.1767
24.9493
24.9493
25.0618
24.4925
24.0531
24.0531
24.0531
23.5427
24.2379
24.0801
22.6149
22.4714
22.4714
22.3578
22.3578
22.3578
22.2105
22.2105
21.5158
21.5158
21.5158
21.4022
21.4022
21.2292
21.4022
21.0163
20.5178
20.4165
20.4165
20.4165
21.0587
20.3429
20.0141
20.0141
19.7315
19.7315
19.7315
19.7315
19.3984
19.3984
19.3984
19.3703
19.2764
18.7305
18.7305
18.7305
18.7305
18.7032
18.7305
18.1057
18.1057
18.0348
18.1057
18.1057
18.1057
18.1057
17.9974
17.9974
17.9974
17.9764
17.9661
17.6963
17.6963
17.6963
17.6963
17.6963
17.4049
17.4049
16.8972
16.8972
16.8972
16.8972
16.8972
17.3055
17.0758
16.9617
16.9362
16.9617
16.6213
16.6213
16.4849
16.4214
16.3453
16.0315
16.0315
16.0315
16.0315
16.0315
16.0315
16.0315
16.0315
15.8186
15.8186
15.8186
15.648
15.648
15.648
15.731
15.7003
15.7003
15.5601
15.5601
15.5601
15.5601
15.5601
15.3694
15.3694
15.3694
15.3694
15.3694
15.3694
15.1746
15.1746
15.1746
15.3694
15.2424
14.9839
15.2424
14.9839
14.9839
14.9839
14.9839
14.9839
14.9839
14.9839
14.9839
14.9839
14.2833
14.2833
14.2833
14.2833
14.2833
14.2833
14.2833
14.2647
14.2833
13.8142
13.8417
13.787
13.787
13.6787
13.6787
13.8417
13.6851
13.8417
13.8417
13.8417
13.8417
13.8303
13.8417
13.8417
13.8417
13.8417
13.8417
13.8417
13.8417
13.7714
13.8284
13.8284
13.8417
13.8417
13.8417
13.8417
13.8417
13.8417
13.8417
13.8417
13.8417
13.8417
13.8417
13.7982
13.7982
13.7982
13.3355
13.3355
13.3355
13.3355
13.3355
13.3355
13.3355
13.3355
13.3355
13.3355
13.3355
13.3355
13.3355
13.3036
13.3036
12.9333
12.9333
13.3355
13.3355
13.3355
13.3355
13.2823
13.2823
13.2823
13.2823
13.2823
13.2823
13.1672
13.1672
13.1672
13.1672
12.4872
13.1672
13.2188
13.2188
13.2188
13.2188
13.2188
12.9425
12.8857
12.8857
12.8466
12.4537
12.4537
11.9798
11.9798
11.3118
11.3118
11.1596
11.1596
11.3118
11.1551
11.1551
10.6348
11.1551
11.1551
11.1551
11.1551
11.1551
11.1551
11.1551
11.1551
11.1551
11.1551
11.1233
11.1233
11.1233
11.1233
11.1233
11.1233
11.1233
11.1233
11.1233
11.1233
11.1233
11.1233
11.0661
11.0661
11.0661
11.0661
11.1233
11.1233
11.0983
11.0983
11.0983
11.0983
11.0983
11.0983
11.0983
11.0983
11.0665
11.0665
11.0983
11.0983
11.1233
11.1233
11.1233
11.1233
11.1233
11.1233
11.1233
11.1233
11.1233
11.1233
11.1233
11.1017
11.0923
11.0923
11.0923
