BEST LOSS FUNCTION
34.4443
32.9172
32.5922
31.877
30.6325
29.4098
28.7742
28.1476
27.5301
27.0637
26.6254
26.3903
26.5444
26.5162
26.221
25.3812
24.2214
23.5593
23.3368
23.1773
22.5378
20.8596
19.9236
19.8506
19.8375
19.8023
19.812
19.7612
19.6647
19.3437
18.567
17.8606
17.6371
17.519
17.3122
16.9885
16.8037
16.7594
16.6504
16.4557
15.9473
15.3267
15.1466
15.0668
14.9501
14.7793
14.5676
14.2531
14.0281
13.9175
13.7298
13.4622
13.1972
13.0338
12.9813
12.8673
12.8046
12.7147
12.6711
12.6242
12.6078
12.6011
12.5947
12.5867
12.5668
12.5521
12.5241
12.3869
12.1938
11.5616
11.4795
11.4459
11.4171
11.4161
11.4161
11.4141
11.4131
11.4128
11.4086
11.4073
11.4043
11.3875
11.3524
11.2472
10.9969
10.8376
10.6718
10.6655
10.6632
10.6392
10.6217
10.6387
10.6299
10.6304
10.6144
10.6073
10.5417
10.4866
10.4009
10.2778
10.2667
10.2598
10.2466
10.2237
10.222
10.2298
10.2394
10.2165
10.2236
10.2171
10.1934
10.1573
10.1641
10.1255
10.0603
10.0126
9.98005
9.96138
9.94253
9.95538
9.93513
9.92873
9.90659
9.88285
9.85559
9.86471
9.83471
9.82198
9.78743
9.72796
9.66816
9.66345
9.43067
9.27005
9.22673
9.21484
9.21874
9.2152
9.22134
9.21993
9.22134
9.21958
9.22264
9.22004
9.22134
9.21349
9.21089
9.21604
9.21999
9.21609
9.21474
9.21201
9.19859
9.17194
9.11711
9.01462
8.74861
8.57103
8.56897
8.56449
8.55066
8.54925
8.54159
8.51892
8.50063
8.44109
8.37242
8.34957
8.34054
8.34065
8.34063
8.34065
8.33799
8.33274
8.32205
8.31099
8.30796
8.30891
8.28379
8.2459
8.14932
8.03792
7.87964
7.84366
7.84366
7.84366
7.83882
7.83244
7.81001
7.79574
7.76846
7.73507
7.7196
7.69688
7.64459
7.56475
7.55406
7.54337
7.55253
7.5588
7.55253
7.55101
7.53268
7.53392
7.52505
7.52505
7.52505
7.52505
7.52505
7.52505
7.52505
7.52505
7.52505
7.52262
7.52019
7.52019
7.52262
7.52503
7.52502
7.52502
7.52502
7.52501
7.52501
7.52502
7.52501
7.52501
7.52502
7.52501
7.52497
7.52499
7.52502
7.52504
7.52504
7.52504
7.52503
7.52172
7.51248
7.51164
7.50689
7.49882
7.4968
7.48469
7.47057
7.45846
7.44812
7.4434
7.4241
7.42416
7.42416
7.42416
7.42416
7.41379
7.38267
7.27892
7.06176
6.90544
6.90544
6.90544
6.90544
6.90544
6.90451
6.90544
6.89884
6.89224
6.87904
6.83814
6.77084
6.67249
6.56634
6.56634
6.56374
6.56764
6.56634
6.56114
6.55984
6.55464
6.55073
6.55111
6.54683
6.54553
6.53643
6.53122
6.52924
6.52794
6.53444
6.52924
6.51363
6.5153
6.51072
6.51041
6.51041
6.51041
6.51041
6.50837
6.50769
6.50632
6.50471
6.50131
6.50267
6.50267
6.50131
6.4997
6.50106
6.50242
6.49988
6.49827
6.49177
6.48967
6.49475
6.48503
6.47877
6.47821
6.47221
6.46038
6.46212
6.46045
6.45989
6.46057
6.46131
6.46138
6.45928
6.45773
6.45847
6.45358
6.45544
6.45485
6.44662
6.44444
6.44967
6.45032
6.44795
6.43811
6.44083
6.43878
6.43402
6.4347
6.42993
6.42992
6.42992
6.42992
6.42992
6.42992
6.42992
6.42992
6.42992
6.42992
6.42992
6.42992
6.42992
6.42992
