BEST LOSS FUNCTION
35.2461
33.0478
32.6632
31.7946
30.182
28.6208
26.8352
26.4766
26.2191
25.9244
25.5761
25.4014
24.9964
24.4321
24.0228
23.1443
22.2656
21.2446
20.8544
20.4524
20.2595
20.0284
19.8173
19.5593
19.4972
19.3961
19.1753
18.9594
18.6734
18.3331
18.1024
17.1872
16.3441
16.0259
16.0261
16.0006
15.9932
15.9594
15.9475
15.8891
15.8158
15.7052
15.5691
15.4121
15.0386
14.3966
14.049
13.4578
13.1974
13.1903
13.1689
13.1548
13.1006
12.9982
13.0325
12.9287
12.7899
12.5712
12.5153
12.413
12.304
12.2016
12.1233
12.0998
12.022
11.9255
11.9259
11.8952
11.8682
11.7695
11.7214
11.6993
11.7011
11.6996
11.6934
11.6904
11.6904
11.6861
11.6773
11.6826
11.6503
11.5776
11.5362
11.4518
11.212
11.0791
10.745
10.6716
10.6065
10.5904
10.5546
10.5173
10.5039
10.5004
10.4906
10.4722
10.4696
10.4714
10.4607
10.4655
10.4592
10.4453
10.4456
10.4331
10.4258
10.4159
10.3742
10.299
10.2604
10.2339
10.2195
10.2178
10.216
10.2142
10.2125
10.2081
10.2019
10.201
10.194
10.194
10.1847
10.1796
10.1715
10.1755
10.1626
10.1677
10.1607
10.1389
10.071
9.98507
9.80039
9.5339
9.18163
9.12701
9.12701
9.111
9.01495
8.85487
8.59805
8.32659
8.32659
8.32659
8.32659
8.32659
8.32624
8.32624
8.32624
8.32659
8.32659
8.32659
8.32659
8.32659
8.32644
8.3263
8.32615
8.32644
8.30292
8.17465
7.72107
7.16864
7.16727
7.16773
7.1675
7.16727
7.16658
7.16681
7.16612
7.16657
7.16657
7.16701
7.16726
7.16702
7.16745
7.16607
7.1648
7.1668
7.1652
7.16502
7.16547
7.1657
7.16501
7.16547
7.16346
7.15564
7.14804
7.14872
7.15273
7.14872
7.15072
7.14536
7.15139
7.15791
7.15207
7.15207
7.15205
7.15071
7.14935
7.15269
7.14465
7.1467
7.14468
7.13864
7.12456
7.11449
7.09838
7.08026
7.06821
7.06821
7.06821
7.06821
7.06821
7.06821
7.06821
7.06821
7.0647
7.0647
7.06821
7.06821
7.06821
7.06821
7.06821
7.06821
7.06821
7.06821
7.06821
7.06821
7.06821
7.06821
7.06821
7.06821
7.0682
7.0682
7.06819
7.0682
7.06819
7.06819
7.06819
7.06819
7.06433
7.06477
7.06372
7.0561
7.05224
7.05566
7.05189
7.04261
7.0337
7.03756
7.0248
7.03477
7.00555
6.99136
6.98216
6.94879
6.96427
6.95444
6.91786
6.91829
6.90787
6.91761
6.92138
6.89905
6.88484
6.88085
6.87704
6.87921
6.87349
6.87286
6.87143
6.87266
6.87283
6.87123
6.86943
6.87097
6.87046
6.86865
6.86788
6.86891
6.86788
6.86607
6.86685
6.86659
6.86762
6.86685
6.86839
6.86952
6.87046
6.87123
6.87149
6.87175
6.87176
6.87158
6.86917
6.86994
6.86865
6.86814
6.86659
6.86762
6.8679
6.86508
