BEST LOSS FUNCTION SINGLE 
32.144
31.1911
29.177
29.1563
28.6028
27.5213
26.2374
26.2374
26.038
26.038
25.3637
25.1098
24.5176
24.5176
23.5229
23.5229
22.5043
22.5043
22.0124
19.9049
19.9049
19.6453
19.4714
19.4714
19.4714
19.2811
19.2811
19.2811
17.7569
17.7569
16.8024
17.0917
16.8024
16.8024
16.4902
16.4014
16.2479
16.4014
15.3284
15.3284
15.0162
14.7947
14.6882
14.1874
14.1874
13.8752
13.8697
13.8697
13.4791
13.0273
12.8155
12.8155
12.8155
12.567
12.567
12.567
12.567
12.567
12.5773
12.5773
12.5773
12.3809
12.3809
12.3809
12.3709
11.6993
11.4187
11.4187
11.4187
11.4128
11.4128
11.4128
11.4071
11.4071
11.4071
11.2873
11.2931
11.2931
11.2931
11.2931
11.1785
10.6911
10.6911
10.6895
10.6854
10.4514
10.4514
10.4488
10.451
10.4452
10.2773
10.2773
10.2773
10.2773
10.2701
10.0292
10.264
10.264
10.2639
10.2362
10.0126
10.0126
10.0126
9.91404
9.91404
9.91404
10.0126
9.91404
10.0126
10.0126
10.0126
10.0126
9.87816
9.87816
9.87816
9.87816
9.87714
9.76442
9.6375
9.74173
9.74173
9.74173
9.74173
9.63002
9.63002
9.6305
9.47599
9.47599
9.47599
9.22785
9.22785
9.22785
9.16281
9.16281
9.16281
9.16281
9.16281
8.98559
9.16281
9.15698
9.16281
9.00948
9.16281
9.16281
9.16281
9.16281
9.16281
9.16281
9.16281
9.16281
9.16281
8.8938
8.5692
8.5692
8.5692
8.56365
8.56337
8.56337
8.56337
8.34065
8.34065
8.33963
8.33482
8.34065
8.34065
8.34065
8.34065
8.34065
8.3351
8.34065
8.33963
8.34065
8.2095
8.2095
8.19938
8.19938
8.19938
7.84366
7.84366
7.84366
7.84366
7.84366
7.84366
7.84366
7.84366
7.84366
7.6014
7.6014
7.52505
7.52505
7.52505
7.52505
7.52505
7.52505
7.52505
7.52505
7.52505
7.52505
7.52505
7.52505
7.52505
7.52505
7.52505
7.50278
7.52505
7.52505
7.52505
7.52505
7.52505
7.52505
7.52505
7.52505
7.52505
7.40387
7.40387
7.40387
7.40387
7.52476
7.52476
7.52476
7.52476
7.52476
7.52476
7.52476
7.52476
7.52476
7.52476
7.52476
7.52476
7.52476
7.52476
7.52476
7.52476
7.52476
7.52476
7.42416
7.42416
7.42416
7.42416
7.42416
7.42416
7.42416
7.42416
7.42416
7.42416
7.42416
7.4019
7.42416
7.42416
7.42416
7.42416
6.90544
6.90544
6.90544
6.90544
6.90544
6.90544
6.90544
6.90544
6.90544
6.85901
6.90544
6.57545
6.57545
6.57545
6.51041
6.51041
6.51041
6.51041
6.51041
6.51041
6.51041
6.51041
6.51041
6.51041
6.51041
6.51041
6.51041
6.51041
6.51041
6.51041
6.51041
6.47636
6.51041
6.51041
6.51041
6.51041
6.46397
6.46397
6.51041
6.51041
6.51041
6.51041
6.47636
6.47636
6.47636
6.42992
6.42992
6.46397
6.42992
6.46397
6.46397
6.46397
6.46397
6.46397
6.46397
6.42992
6.42992
6.42992
6.42992
6.42992
6.42992
6.42992
6.42992
6.42992
6.42992
6.42992
6.42992
6.42992
6.42992
6.42992
6.42992
6.42992
6.42992
6.42992
6.42992
6.42992
6.28701
6.42992
6.42992
6.42992
6.42992
6.42992
6.42992
6.42992
6.42992
6.42992
6.42992
6.42992
6.42992
6.42992
6.42992
6.42992
6.42992
6.42992
6.42992
6.42992
6.42992
6.42992
6.42992
