#     BLOCK:   ACTUAL_M:     M_AVE:       ERROR:
           1    0.885793    0.885793           0
           2    0.878404    0.882098  0.00261236
           3    0.896493    0.886896  0.00428729
           4    0.889263    0.887488  0.00325605
           5    0.895095    0.889009  0.00293887
           6    0.892795     0.88964  0.00251587
           7    0.894297    0.890306  0.00224267
           8    0.889409    0.890193  0.00196513
           9    0.891656    0.890356  0.00175349
          10    0.884419    0.889762  0.00167565
          11    0.894384    0.890182  0.00157512
          12    0.896068    0.890673   0.0015183
          13    0.888054    0.890471  0.00141481
          14    0.889568    0.890407  0.00131522
          15    0.884887    0.890039  0.00127799
          16    0.877269    0.889241  0.00142573
          17    0.889843    0.889276   0.0013423
          18    0.908654    0.890353   0.0016437
          19    0.891519    0.890414  0.00155833
          20    0.897596    0.890773  0.00152123
          21    0.883967    0.890449  0.00148291
          22    0.898154    0.890799  0.00145627
          23    0.876867    0.890194  0.00151371
          24    0.878735    0.889716  0.00152408
          25    0.889101    0.889692  0.00146331
          26     0.90067    0.890114  0.00146669
          27    0.887803    0.890028  0.00141487
          28    0.891184    0.890069  0.00136494
          29    0.888519    0.890016  0.00131892
          30    0.884449     0.88983  0.00128794
          31    0.883684    0.889632  0.00126157
          32    0.883362    0.889436  0.00123726
          33    0.871421     0.88889   0.0013147
          34    0.900364    0.889228  0.00131863
          35     0.89719    0.889455  0.00130043
          36    0.886886    0.889384  0.00126627
          37    0.903914    0.889777   0.0012915
          38    0.877087    0.889443  0.00129997
          39    0.887934    0.889404  0.00126721
          40    0.881269    0.889201  0.00125175
          41    0.885906     0.88912  0.00122379
          42    0.891575    0.889179  0.00119605
          43    0.880538    0.888978  0.00118499
          44    0.872889    0.888612  0.00121316
          45     0.87125    0.888226  0.00124604
          46    0.874162    0.887921  0.00125591
          47    0.888892    0.887941  0.00122936
          48    0.897128    0.888133  0.00121855
          49    0.869016    0.887742  0.00125459
          50    0.877933    0.887546  0.00124474
          51    0.889487    0.887584  0.00122091
          52    0.881959    0.887476  0.00120222
          53     0.88553    0.887439   0.0011801
          54     0.88313     0.88736  0.00116094
          55    0.886635    0.887346   0.0011399
          56     0.89165    0.887423  0.00112214
          57     0.88331    0.887351  0.00110477
          58     0.88157    0.887251  0.00109021
          59    0.884421    0.887203  0.00107278
          60     0.89731    0.887372  0.00106805
          61    0.883356    0.887306  0.00105256
          62    0.888456    0.887325  0.00103575
          63    0.898777    0.887506  0.00103514
          64    0.878527    0.887366  0.00102843
          65     0.86388    0.887005  0.00107421
          66    0.884515    0.886967  0.00105859
          67    0.905078    0.887237  0.00107675
          68    0.860277    0.886841  0.00113156
          69     0.88253    0.886778  0.00111689
          70     0.86529    0.886471  0.00114234
          71    0.879908    0.886379  0.00112998
          72     0.88821    0.886404  0.00111458
          73    0.890602    0.886462  0.00110079
          74    0.872863    0.886278  0.00110115
          75    0.891397    0.886346  0.00108858
          76     0.87988    0.886261  0.00107758
          77    0.884082    0.886233  0.00106395
          78    0.882769    0.886189  0.00105124
          79    0.885676    0.886182  0.00103795
          80    0.896148    0.886307  0.00103242
          81    0.896739    0.886435  0.00102768
          82    0.881813    0.886379  0.00101669
          83    0.889994    0.886423  0.00100538
          84     0.89058    0.886472 0.000994626
          85     0.87642    0.886354  0.00098993
          86     0.87341    0.886203 0.000989795
          87    0.893092    0.886283  0.00098158
          88    0.883221    0.886248 0.000971042
          89    0.880276    0.886181 0.000962446
          90    0.884622    0.886163 0.000951908
          91    0.877008    0.886063 0.000946749
          92    0.896573    0.886177 0.000943325
          93    0.905754    0.886387 0.000956382
          94    0.874589    0.886262 0.000954409
          95    0.896362    0.886368 0.000950266
          96    0.882325    0.886326   0.0009413
          97    0.874306    0.886202 0.000939717
          98    0.882211    0.886162 0.000931011
          99    0.897679    0.886278 0.000928847
         100    0.874049    0.886156 0.000927573
         101    0.897732     0.88627 0.000925443
         102    0.894541    0.886351 0.000919915
         103    0.871432    0.886206 0.000922317
         104    0.894631    0.886287 0.000916999
         105    0.887539    0.886299 0.000908343
         106     0.89305    0.886363 0.000902004
         107    0.882162    0.886324 0.000894428
         108    0.892446     0.88638  0.00088794
         109    0.890235    0.886416 0.000880498
         110    0.890209     0.88645 0.000873169
         111    0.885755    0.886444 0.000865325
         112    0.881536      0.8864 0.000858707
         113    0.888427    0.886418 0.000851295
         114    0.861647    0.886201 0.000871118
         115     0.89599    0.886286 0.000867692
         116    0.874252    0.886182 0.000866392
         117    0.894906    0.886257 0.000862189
         118    0.887194    0.886265 0.000854919
         119    0.887147    0.886272 0.000847767
         120    0.891946    0.886319  0.00084202
         121    0.874945    0.886225 0.000840292
         122    0.875832     0.88614 0.000837712
         123    0.885222    0.886133 0.000830934
         124    0.883297     0.88611 0.000824548
         125    0.875492    0.886025 0.000822315
         126    0.889286    0.886051 0.000816196
         127    0.875048    0.885964 0.000814354
         128    0.880418    0.885921 0.000809144
         129     0.88382    0.885905 0.000803036
         130    0.895646     0.88598 0.000800347
         131    0.895805    0.886055 0.000797744
         132    0.896457    0.886133 0.000795584
         133    0.883833    0.886116  0.00078979
         134    0.880613    0.886075 0.000784963
         135    0.906886    0.886229 0.000794141
         136    0.899887     0.88633 0.000794626
         137    0.881251    0.886292  0.00078969
         138    0.888029    0.886305 0.000784068
         139    0.893697    0.886358 0.000780228
         140    0.896002    0.886427  0.00077769
         141    0.894404    0.886484 0.000774229
         142    0.880324     0.88644 0.000769991
         143    0.895754    0.886505 0.000767356
         144    0.876628    0.886437 0.000765087
         145     0.89264     0.88648 0.000761005
         146    0.882496    0.886452 0.000756282
         147    0.887123    0.886457 0.000751151
         148    0.882811    0.886432 0.000746479
         149    0.878352    0.886378 0.000743437
         150    0.901602     0.88648 0.000745377
         151    0.882221    0.886451 0.000740974
         152    0.892328     0.88649 0.000737107
         153    0.893404    0.886535 0.000733673
         154    0.889139    0.886552 0.000729104
         155    0.890126    0.886575 0.000724764
         156    0.885159    0.886566 0.000720175
         157    0.881645    0.886535  0.00071627
         158    0.897377    0.886603 0.000715016
         159    0.885619    0.886597 0.000710546
         160    0.884354    0.886583 0.000706243
         161    0.893434    0.886626 0.000703137
         162    0.890707    0.886651 0.000699248
         163    0.894493    0.886699 0.000696611
         164    0.899965     0.88678 0.000697044
         165    0.877498    0.886724 0.000695086
         166    0.888532    0.886735 0.000690984
         167    0.881894    0.886706 0.000687454
         168    0.887376     0.88671 0.000683374
         169    0.882633    0.886685 0.000679755
         170    0.879047     0.88664  0.00067724
         171    0.879385    0.886598 0.000674608
         172     0.87991    0.886559 0.000671805
         173    0.893127    0.886597 0.000668994
         174    0.884011    0.886582 0.000665314
         175    0.895894    0.886635 0.000663637
         176    0.886799    0.886636 0.000659867
         177    0.888095    0.886645  0.00065619
         178    0.887257    0.886648 0.000652513
         179    0.878274    0.886601 0.000650542
         180    0.896106    0.886654 0.000649067
         181    0.877883    0.886606 0.000647288
         182    0.885696    0.886601  0.00064375
         183    0.895085    0.886647   0.0006419
         184    0.879167    0.886606 0.000639697
         185    0.871603    0.886525  0.00064136
         186    0.902634    0.886612 0.000643732
         187    0.883976    0.886598 0.000640444
         188    0.885074     0.88659 0.000637089
         189    0.881248    0.886561 0.000634345
         190    0.894123    0.886601 0.000632253
         191    0.876582    0.886549 0.000631116
         192    0.899128    0.886614  0.00063122
         193    0.878665    0.886573 0.000629292
         194    0.880416    0.886541 0.000626848
         195    0.886825    0.886543 0.000623635
         196    0.868098    0.886449 0.000627513
         197    0.882942    0.886431  0.00062458
         198    0.895045    0.886474 0.000622939
         199    0.882261    0.886453 0.000620168
         200    0.899228    0.886517 0.000620348
         201    0.894944    0.886559 0.000618677
         202    0.901422    0.886633 0.000619974
         203    0.889191    0.886645 0.000617048
         204    0.879592    0.886611 0.000614991
         205    0.912616    0.886737 0.000624937
         206    0.893316    0.886769 0.000622719
         207    0.895899    0.886814 0.000621271
         208    0.896144    0.886858 0.000619901
         209    0.890398    0.886875 0.000617166
         210    0.859213    0.886744 0.000628127
         211    0.888927    0.886754 0.000625236
         212     0.88809     0.88676 0.000622318
         213    0.889983    0.886775 0.000619581
         214    0.888715    0.886784 0.000616752
         215     0.87087     0.88671 0.000618309
         216    0.877119    0.886666 0.000617039
         217    0.887098    0.886668 0.000614198
         218    0.884794    0.886659 0.000611441
         219    0.879212    0.886625 0.000609594
         220    0.882524    0.886607 0.000607108
         221    0.892769    0.886635 0.000605001
         222    0.910398    0.886742 0.000611672
         223    0.907908    0.886837 0.000616249
         224    0.865415    0.886741 0.000620874
         225    0.869784    0.886666 0.000622672
         226    0.894469      0.8867 0.000620873
         227    0.889834    0.886714 0.000618291
         228    0.894808    0.886749 0.000616598
         229    0.875838    0.886702 0.000615744
         230    0.880572    0.886675 0.000613643
         231    0.886831    0.886676 0.000610987
         232    0.898879    0.886728 0.000610613
         233    0.892018    0.886751 0.000608415
         234    0.867238    0.886668 0.000611502
         235    0.880662    0.886642 0.000609434
         236    0.872057     0.88658 0.000609977
         237    0.882531    0.886563 0.000607643
         238    0.882649    0.886547 0.000605312
         239    0.893682    0.886577 0.000603515
         240    0.897871    0.886624 0.000602833
         241    0.879134    0.886593 0.000601132
         242    0.869701    0.886523 0.000602687
         243     0.88594     0.88652 0.000600211
         244    0.877319    0.886483 0.000598935
         245    0.895002    0.886518 0.000597499
         246    0.885905    0.886515 0.000595075
         247     0.88439    0.886506 0.000592728
         248    0.893151    0.886533 0.000590943
         249    0.883305     0.88652 0.000588712
         250    0.876221    0.886479 0.000587797
         251    0.886185    0.886478 0.000585456
         252    0.875632    0.886435 0.000584713
         253    0.884934    0.886429 0.000582432
         254    0.872783    0.886375 0.000582611
         255    0.892757      0.8864 0.000580864
         256    0.896291    0.886439 0.000579878
         257    0.893416    0.886466 0.000578257
         258    0.887302    0.886469 0.000576025
         259    0.884041     0.88646 0.000573877
         260    0.881366     0.88644 0.000572004
         261    0.891305    0.886459 0.000570116
         262    0.884796    0.886453 0.000567975
         263    0.867807    0.886382 0.000570223
         264    0.888517     0.88639 0.000568121
         265    0.890932    0.886407 0.000566236
         266    0.877177    0.886372 0.000565169
         267    0.889436    0.886384 0.000563169
         268     0.89761    0.886426 0.000562623
         269    0.872109    0.886372 0.000563043
         270    0.886057    0.886371 0.000560959
         271    0.880718     0.88635 0.000559277
         272    0.884447    0.886343 0.000557264
         273    0.890256    0.886358 0.000555407
         274    0.889874     0.88637 0.000553529
         275    0.878558    0.886342 0.000552244
         276    0.896571    0.886379 0.000551485
         277    0.886614     0.88638 0.000549495
         278    0.882183    0.886365 0.000547726
         279    0.876937    0.886331 0.000546804
         280    0.888384    0.886338   0.0005449
         281    0.893641    0.886364 0.000543581
         282    0.870601    0.886309  0.00054452
         283    0.883532    0.886299 0.000542684
         284    0.876358    0.886264 0.000541901
         285    0.898064    0.886305 0.000541579
         286    0.892324    0.886326 0.000540094
         287    0.891869    0.886345 0.000538557
         288    0.891865    0.886365 0.000537028
         289    0.890357    0.886378 0.000535348
         290    0.891656    0.886397 0.000533811
         291     0.88454     0.88639 0.000532014
         292    0.878431    0.886363  0.00053089
         293    0.898434    0.886404 0.000530675
         294    0.882828    0.886392 0.000529009
         295    0.886455    0.886392 0.000527216
         296    0.892934    0.886414 0.000525898
         297    0.881326    0.886397 0.000524406
         298    0.877468    0.886367 0.000523501
         299    0.888698    0.886375 0.000521809
         300    0.883959    0.886367 0.000520131
         301    0.882138    0.886353 0.000518593
         302    0.883137    0.886342 0.000516985
         303    0.883901    0.886334 0.000515342
         304    0.871952    0.886287 0.000515814
         305    0.889155    0.886296 0.000514208
         306    0.874217    0.886257 0.000514041
         307    0.878071     0.88623 0.000513058
         308    0.890573    0.886244 0.000511586
         309    0.864753    0.886175 0.000514636
         310    0.872753    0.886131 0.000514794
         311    0.893274    0.886154  0.00051365
         312    0.899234    0.886196 0.000513712
         313    0.890246    0.886209 0.000512234
         314    0.877832    0.886183 0.000511297
         315    0.879003     0.88616 0.000510181
         316    0.886436    0.886161 0.000508567
         317     0.88704    0.886163 0.000506971
         318    0.902965    0.886216 0.000508122
         319    0.881334    0.886201  0.00050676
         320    0.888864    0.886209 0.000505245
         321    0.909177    0.886281 0.000508712
         322    0.887148    0.886284 0.000507139
         323    0.889286    0.886293 0.000505654
         324    0.885567    0.886291 0.000504098
         325    0.890864    0.886305 0.000502744
         326    0.899352    0.886345 0.000502792
         327    0.886803    0.886346 0.000501257
         328    0.894575    0.886371 0.000500356
         329    0.887087    0.886373  0.00049884
         330    0.891241    0.886388 0.000497546
         331    0.871816    0.886344 0.000497987
         332    0.888962    0.886352 0.000496549
         333    0.881097    0.886336 0.000495309
         334    0.904905    0.886392 0.000496936
         335    0.890807    0.886405 0.000495627
         336    0.899517    0.886444 0.000495686
         337    0.888168    0.886449 0.000494242
         338    0.887509    0.886452 0.000492789
         339    0.885321    0.886449 0.000491347
         340    0.889615    0.886458  0.00048999
         341    0.889676    0.886468 0.000488644
         342    0.891294    0.886482 0.000487419
         343    0.877312    0.886455 0.000486731
         344    0.864495    0.886391 0.000489484
         345    0.897686    0.886424 0.000489159
         346    0.904323    0.886476 0.000490473
         347    0.891531     0.88649 0.000489276
         348    0.894567    0.886513  0.00048842
         349    0.896765    0.886543 0.000487903
         350    0.888583    0.886549 0.000486544
         351    0.886466    0.886548 0.000485158
         352    0.891142    0.886561 0.000483955
         353    0.887281    0.886564 0.000482589
         354    0.889864    0.886573 0.000481315
         355     0.87331    0.886535 0.000481407
         356    0.898542    0.886569 0.000481235
         357    0.891068    0.886582 0.000480052
         358    0.889087    0.886589 0.000478762
         359    0.881481    0.886575  0.00047764
         360    0.892631    0.886591 0.000476609
         361    0.894599    0.886614 0.000475805
         362    0.893288    0.886632 0.000474848
         363    0.893869    0.886652 0.000473958
         364    0.888749    0.886658 0.000472691
         365     0.87299     0.88662 0.000472877
         366    0.884211    0.886614  0.00047163
         367    0.866724    0.886559 0.000473449
         368    0.906768    0.886614 0.000475336
         369    0.894488    0.886636 0.000474527
         370    0.891202    0.886648 0.000473405
         371    0.889763    0.886656 0.000472203
         372    0.884188     0.88665 0.000470981
         373    0.872061    0.886611 0.000471339
         374    0.889706    0.886619 0.000470152
         375    0.902578    0.886662  0.00047082
         376    0.883813    0.886654 0.000469629
         377    0.886219    0.886653 0.000468384
         378     0.89243    0.886668 0.000467395
         379    0.895077     0.88669 0.000466688
         380    0.873767    0.886656 0.000466697
         381    0.876727     0.88663 0.000466199
         382     0.88466    0.886625 0.000465007
         383    0.883431    0.886617 0.000463868
         384    0.897304    0.886645 0.000463494
         385    0.889642    0.886652 0.000462356
         386    0.882491    0.886642 0.000461283
         387    0.875273    0.886612 0.000461026
         388      0.9003    0.886647 0.000461185
         389    0.890694    0.886658 0.000460117
         390    0.893077    0.886674 0.000459232
         391    0.895787    0.886698 0.000458648
         392    0.870729    0.886657 0.000459284
         393    0.888156    0.886661 0.000458131
         394    0.889627    0.886668  0.00045703
         395     0.89028    0.886677 0.000455964
         396    0.874641    0.886647 0.000455825
         397    0.874106    0.886615  0.00045577
         398     0.88874    0.886621 0.000454656
         399    0.872845    0.886586 0.000454826
         400    0.891249    0.886598 0.000453838
         401    0.889274    0.886605 0.000452755
         402    0.879774    0.886588 0.000451948
         403    0.908328    0.886642 0.000454034
         404    0.888996    0.886647 0.000452948
         405    0.901976    0.886685 0.000453408
         406    0.888219    0.886689 0.000452307
         407    0.887223     0.88669 0.000451198
         408    0.896045    0.886713 0.000450674
         409     0.90093    0.886748 0.000450911
         410    0.856321    0.886674 0.000455877
         411    0.897247    0.886699 0.000455493
         412    0.877266    0.886677 0.000454962
         413    0.870006    0.886636 0.000455648
         414     0.88605    0.886635  0.00045455
         415    0.885401    0.886632 0.000453464
         416    0.881193    0.886619 0.000452562
         417    0.881829    0.886607 0.000451623
         418    0.879167    0.886589 0.000450893
         419    0.898222    0.886617 0.000450671
         420    0.893638    0.886634 0.000449908
         421    0.896335    0.886657 0.000449429
         422    0.879974    0.886641 0.000448643
         423    0.880845    0.886627 0.000447791
         424    0.876909    0.886605 0.000447321
         425    0.888655    0.886609 0.000446295
         426    0.893586    0.886626 0.000445547
         427    0.874663    0.886598 0.000445384
         428    0.879454    0.886581 0.000444656
         429    0.886529    0.886581 0.000443619
         430    0.897959    0.886607 0.000443376
         431    0.891749    0.886619 0.000442508
         432    0.903218    0.886658 0.000443149
         433    0.876048    0.886633 0.000442802
         434    0.898322     0.88666   0.0004426
         435    0.898408    0.886687 0.000442406
         436    0.878413    0.886668 0.000441798
         437    0.893987    0.886685 0.000441104
         438    0.897956    0.886711 0.000440847
         439    0.903566    0.886749 0.000441512
         440    0.897173    0.886773 0.000441144
         441    0.892201    0.886785 0.000440315
         442    0.880599    0.886771 0.000439541
         443    0.877347     0.88675 0.000439063
         444    0.880627    0.886736 0.000438291
         445    0.902007     0.88677 0.000438647
         446    0.886902    0.886771 0.000437664
         447    0.883068    0.886762 0.000436763
         448    0.881324     0.88675 0.000435957
         449    0.887403    0.886752 0.000434989
         450    0.892471    0.886764 0.000434208
         451      0.8954    0.886783 0.000433667
         452    0.890886    0.886793 0.000432802
         453    0.894349    0.886809 0.000432168
         454    0.879598    0.886793 0.000431508
         455    0.889348    0.886799 0.000430596
         456    0.890654    0.886807 0.000429735
         457    0.882434    0.886798 0.000428901
         458    0.887444    0.886799 0.000427967
         459    0.882274    0.886789 0.000427148
         460    0.881437    0.886778 0.000426378
         461     0.88341     0.88677 0.000425516
         462    0.907616    0.886816  0.00042698
         463    0.899117    0.886842 0.000426884
         464    0.882717    0.886833 0.000426056
         465    0.888706    0.886837 0.000425159
         466    0.895982    0.886857 0.000424699
         467    0.889025    0.886862 0.000423815
         468    0.887457    0.886863 0.000422912
         469    0.877646    0.886843 0.000422466
         470    0.891276    0.886853 0.000421673
         471    0.896389    0.886873 0.000421263
         472     0.89372    0.886887 0.000420621
         473     0.89322    0.886901 0.000419944
         474    0.887983    0.886903 0.000419065
         475    0.879673    0.886888 0.000418459
         476    0.898853    0.886913 0.000418334
         477    0.891311    0.886922 0.000417558
         478    0.884952    0.886918 0.000416705
         479    0.861389    0.886865  0.00041923
         480    0.890463    0.886872 0.000418423
         481    0.885676     0.88687 0.000417561
         482    0.890442    0.886877  0.00041676
         483    0.880886    0.886865 0.000416082
         484    0.901458    0.886895 0.000416313
         485    0.877664    0.886876  0.00041589
         486    0.894088    0.886891 0.000415299
         487    0.879576    0.886876 0.000414717
         488    0.879518    0.886861 0.000414142
         489    0.894132    0.886876 0.000413561
         490    0.887209    0.886876 0.000412718
         491    0.873534    0.886849 0.000412771
         492    0.904017    0.886884 0.000413404
         493     0.88292    0.886876 0.000412644
         494    0.887398    0.886877  0.00041181
         495    0.895667    0.886895 0.000411361
         496    0.895191    0.886911 0.000410871
         497    0.893819    0.886925  0.00041028
         498    0.886462    0.886924 0.000409457
         499     0.89403    0.886939 0.000408884
         500    0.897027    0.886959 0.000408564
