#     BLOCK:   ACTUAL_CV:    CV_AVE:      ERROR:
           1    0.332113    0.332113           0
           2    0.323932    0.328022  0.00289244
           3    0.323541    0.326529  0.00228155
           4    0.329066    0.327163  0.00179719
           5    0.330104    0.327751  0.00153099
           6    0.327277    0.327672  0.00127786
           7    0.326614    0.327521   0.0011042
           8    0.332194    0.328105  0.00110997
           9     0.33477    0.328846  0.00120871
          10    0.329133    0.328874  0.00108818
          11    0.324337    0.328462  0.00106458
          12    0.326687    0.328314 0.000986097
          13     0.32384     0.32797 0.000968446
          14     0.32757    0.327941 0.000899692
          15    0.333454    0.328309  0.00091168
          16    0.329255    0.328368 0.000856616
          17    0.329565    0.328438 0.000809118
          18    0.322009    0.328081 0.000839322
          19    0.330329    0.328199 0.000803442
          20     0.33129    0.328354 0.000777984
          21    0.336306    0.328733 0.000827989
          22    0.331079    0.328839 0.000797195
          23    0.331619     0.32896 0.000771638
          24    0.328605    0.328945 0.000739628
          25    0.333021    0.329108 0.000727786
          26    0.330361    0.329157 0.000701387
          27     0.33295    0.329297 0.000689339
          28    0.333536    0.329448 0.000681144
          29    0.321792    0.329184 0.000706969
          30    0.331122    0.329249 0.000686348
          31    0.334982    0.329434 0.000688669
          32    0.322397    0.329214 0.000701383
          33    0.331708     0.32929 0.000684188
          34    0.322732    0.329097 0.000690713
          35     0.33283    0.329203 0.000679164
          36    0.335355    0.329374 0.000681454
          37    0.335457    0.329539  0.00068258
          38    0.332056    0.329605 0.000667825
          39    0.332673    0.329684 0.000655319
          40    0.335414    0.329827 0.000654408
          41     0.33592    0.329975 0.000655101
          42    0.329054    0.329954 0.000639871
          43    0.334609    0.330062 0.000634084
          44    0.327732    0.330009  0.00062188
          45    0.331596    0.330044  0.00060906
          46    0.332748    0.330103 0.000598649
          47    0.334278    0.330192 0.000592467
          48    0.323443    0.330051 0.000596572
          49    0.331105    0.330073 0.000584785
          50    0.333917     0.33015 0.000578122
          51    0.330954    0.330165 0.000567002
          52    0.330241    0.330167   0.0005561
          53    0.335079    0.330259 0.000553276
          54     0.33591    0.330364 0.000552835
          55    0.330895    0.330374 0.000542868
          56    0.317983    0.330152 0.000576501
          57     0.33263    0.330196 0.000568023
          58    0.327732    0.330153 0.000559816
          59    0.328128    0.330119  0.00055138
          60    0.334703    0.330196 0.000547457
          61    0.316476    0.329971 0.000582855
          62    0.329356    0.329961 0.000573538
          63    0.325352    0.329888  0.00056908
          64    0.331801    0.329917 0.000560973
          65    0.333376    0.329971  0.00055486
          66    0.329361    0.329961  0.00054653
          67    0.328468    0.329939 0.000538827
          68    0.326718    0.329892  0.00053298
          69    0.324709    0.329817 0.000530522
          70    0.320762    0.329687 0.000538482
          71     0.32926    0.329681 0.000530932
          72    0.326995    0.329644 0.000524867
          73    0.329196    0.329638 0.000517713
          74    0.321424    0.329527 0.000522479
          75    0.335396    0.329605 0.000521341
          76    0.323935     0.32953 0.000519793
          77    0.328216    0.329513 0.000513323
          78    0.329488    0.329513 0.000506742
          79    0.328396    0.329499 0.000500525
          80    0.333386    0.329548 0.000496621
          81    0.328263    0.329532 0.000490743
          82    0.334989    0.329598  0.00048925
          83    0.329778      0.3296  0.00048336
          84    0.325458    0.329551 0.000480116
          85     0.33534    0.329619 0.000479274
          86    0.335689     0.32969  0.00047887
          87    0.323111    0.329614 0.000479298
          88    0.328463    0.329601  0.00047403
          89    0.331664    0.329624  0.00046927
          90    0.330957    0.329639  0.00046429
          91    0.334579    0.329693  0.00046235
          92     0.33763     0.32978 0.000465304
          93    0.337935    0.329867 0.000468491
          94    0.331164    0.329881  0.00046371
          95    0.330226    0.329885 0.000458843
          96    0.329692    0.329883 0.000454068
          97    0.322041    0.329802 0.000456527
          98    0.321242    0.329715 0.000460148
          99    0.331858    0.329736 0.000456009
         100    0.332731    0.329766 0.000452431
         101    0.323477    0.329704 0.000452217
         102    0.324028    0.329648 0.000451194
         103    0.337056     0.32972 0.000452509
         104    0.329488    0.329718 0.000448163
         105    0.325621    0.329679  0.00044559
         106     0.32229    0.329609 0.000446806
         107    0.332797    0.329639 0.000443622
         108    0.327597     0.32962 0.000439918
         109    0.327575    0.329601 0.000436281
         110    0.332528    0.329628 0.000433126
         111    0.332236    0.329651  0.00042986
         112    0.331844    0.329671 0.000426468
         113    0.326955    0.329647  0.00042337
         114    0.334378    0.329688 0.000421685
         115    0.334713    0.329732 0.000420276
         116    0.332714    0.329758 0.000417439
         117     0.32899    0.329751 0.000413922
         118    0.323772    0.329701 0.000413504
         119    0.328265    0.329689 0.000410205
         120    0.330237    0.329693 0.000406812
         121    0.338466    0.329766  0.00040986
         122    0.324293    0.329721 0.000408948
         123    0.329643     0.32972 0.000405624
         124    0.329104    0.329715 0.000402383
         125    0.324637    0.329675 0.000401209
         126    0.330824    0.329684 0.000398129
         127    0.328207    0.329672 0.000395163
         128    0.336608    0.329726 0.000395775
         129    0.333518    0.329756 0.000393797
         130    0.329774    0.329756 0.000390767
         131    0.328095    0.329743  0.00038799
         132    0.326137    0.329716 0.000386011
         133    0.330795    0.329724 0.000383194
         134    0.328751    0.329717 0.000380403
         135    0.334074    0.329749 0.000378953
         136    0.331882    0.329765 0.000376491
         137    0.334474    0.329799 0.000375308
         138    0.328941    0.329793  0.00037264
         139    0.325818    0.329764 0.000371055
         140    0.328031    0.329752 0.000368611
         141    0.331805    0.329766 0.000366285
         142    0.332098    0.329783 0.000364073
         143    0.333704     0.32981 0.000362558
         144    0.327503    0.329794 0.000360394
         145    0.321521    0.329737 0.000362397
         146    0.335302    0.329775 0.000361914
         147    0.330274    0.329779 0.000359468
         148    0.334277    0.329809 0.000358322
         149    0.327578    0.329794  0.00035623
         150      0.3283    0.329784 0.000353995
         151    0.328444    0.329775 0.000351761
         152    0.330558     0.32978 0.000349485
         153    0.329724     0.32978 0.000347201
         154    0.329513    0.329778 0.000344951
         155     0.32796    0.329766 0.000342925
         156    0.333592    0.329791 0.000341602
         157    0.327015    0.329773 0.000339883
         158    0.327747     0.32976 0.000337974
         159    0.332236    0.329776 0.000336207
         160    0.331309    0.329786 0.000334242
         161    0.330291    0.329789 0.000332181
         162    0.330713    0.329794 0.000330179
         163    0.324038    0.329759 0.000330037
         164    0.331591     0.32977 0.000328213
         165    0.329695     0.32977 0.000326224
         166    0.325051    0.329741 0.000325496
         167    0.323852    0.329706 0.000325452
         168    0.327637    0.329694 0.000323747
         169    0.326606    0.329676 0.000322347
         170    0.328232    0.329667 0.000320562
         171    0.328648    0.329661 0.000318743
         172    0.325745    0.329638 0.000317702
         173    0.323578    0.329603 0.000317791
         174    0.341387    0.329671   0.0003231
         175    0.329097    0.329668  0.00032127
         176    0.335062    0.329698 0.000320903
         177    0.335156    0.329729 0.000320568
         178    0.324553      0.3297 0.000320083
         179     0.33502     0.32973 0.000319672
         180    0.327303    0.329716  0.00031818
         181    0.325212    0.329692 0.000317394
         182    0.329581    0.329691 0.000315651
         183    0.333975    0.329714 0.000314793
         184    0.329502    0.329713 0.000313084
         185    0.335021    0.329742 0.000312704
         186    0.328696    0.329736 0.000311073
         187    0.326485    0.329719 0.000309895
         188    0.333453    0.329739 0.000308883
         189    0.325788    0.329718 0.000307955
         190    0.329615    0.329717 0.000306335
         191    0.327482    0.329706 0.000304954
         192    0.327987    0.329697 0.000303497
         193    0.330301      0.3297 0.000301941
         194     0.32599    0.329681 0.000300989
         195    0.319179    0.329627 0.000304225
         196    0.334947    0.329654 0.000303882
         197    0.327428    0.329643 0.000302549
         198    0.334015    0.329665 0.000301826
         199    0.334512    0.329689 0.000301291
         200    0.335826     0.32972 0.000301343
         201    0.323942    0.329691 0.000301211
         202     0.32118    0.329649 0.000302653
         203    0.324901    0.329625 0.000302064
         204    0.329803    0.329626 0.000300584
         205    0.330704    0.329632 0.000299164
         206    0.330552    0.329636 0.000297745
         207     0.32933    0.329635 0.000296311
         208    0.331925    0.329646  0.00029509
         209    0.333822    0.329666 0.000294354
         210    0.323878    0.329638  0.00029424
         211     0.32832    0.329632 0.000292912
         212    0.329058    0.329629 0.000291543
         213    0.333606    0.329648 0.000290771
         214    0.332046    0.329659 0.000289628
         215    0.331771    0.329669 0.000288448
         216    0.337983    0.329707 0.000289669
         217    0.325059    0.329686 0.000289125
         218    0.325439    0.329666 0.000288455
         219    0.330125    0.329668 0.000287145
         220    0.330613    0.329673 0.000285872
         221    0.326327    0.329658 0.000284979
         222     0.33375    0.329676 0.000284291
         223    0.333503    0.329693 0.000283534
         224    0.330395    0.329696 0.000282285
         225    0.325253    0.329677 0.000281721
         226    0.330544     0.32968   0.0002805
         227     0.32744    0.329671 0.000279438
         228    0.329993    0.329672 0.000278216
         229    0.332997    0.329687  0.00027738
         230    0.330078    0.329688 0.000276179
         231    0.330207     0.32969 0.000274993
         232    0.323126    0.329662 0.000275259
         233    0.325681    0.329645 0.000274608
         234    0.330825     0.32965 0.000273481
         235    0.324232    0.329627 0.000273287
         236    0.327605    0.329618 0.000272263
         237    0.328498    0.329614 0.000271155
         238    0.328028    0.329607 0.000270098
         239    0.323502    0.329582 0.000270173
         240    0.326174    0.329567  0.00026942
         241    0.332699     0.32958 0.000268616
         242    0.333602    0.329597 0.000268019
         243    0.331963    0.329607 0.000267093
         244    0.331439    0.329614 0.000266104
         245    0.324362    0.329593  0.00026588
         246    0.329151    0.329591 0.000264805
         247    0.331151    0.329597 0.000263809
         248    0.332794     0.32961  0.00026306
         249    0.331345    0.329617 0.000262095
         250    0.323637    0.329593 0.000262136
         251     0.32989    0.329594 0.000261095
         252    0.324989    0.329576 0.000260698
         253    0.337967    0.329609 0.000261768
         254    0.332912    0.329622 0.000261061
         255    0.333663    0.329638 0.000260517
         256    0.338645    0.329673 0.000261864
         257    0.329549    0.329673 0.000260846
         258    0.329013     0.32967 0.000259847
         259    0.336742    0.329698 0.000260275
         260    0.333327    0.329712 0.000259648
         261    0.332002     0.32972 0.000258801
         262    0.327873    0.329713 0.000257909
         263    0.330759    0.329717 0.000256959
         264    0.327054    0.329707 0.000256184
         265     0.33676    0.329734 0.000256596
         266    0.329359    0.329732 0.000255635
         267     0.32797    0.329726 0.000254763
         268    0.328046     0.32972  0.00025389
         269     0.32676    0.329709 0.000253184
         270    0.330494    0.329711 0.000252263
         271    0.329749    0.329712 0.000251332
         272    0.330209    0.329713 0.000250415
         273    0.335461    0.329734 0.000250381
         274    0.328762    0.329731 0.000249492
         275    0.331529    0.329737 0.000248671
         276    0.331015    0.329742 0.000247813
         277    0.328337    0.329737  0.00024697
         278     0.32845    0.329732 0.000246125
         279    0.330595    0.329735 0.000245262
         280    0.332299    0.329745 0.000244557
         281     0.33114     0.32975 0.000243737
         282    0.328637    0.329746 0.000242905
         283    0.329329    0.329744 0.000242051
         284    0.332708    0.329755 0.000241424
         285    0.330973    0.329759 0.000240614
         286    0.323029    0.329735 0.000240921
         287    0.334456    0.329752 0.000240642
         288    0.334641    0.329769 0.000240405
         289    0.336787    0.329793 0.000240796
         290    0.331454    0.329799 0.000240034
         291    0.333141     0.32981 0.000239484
         292      0.3252    0.329794 0.000239184
         293    0.333083    0.329806 0.000238631
         294    0.330398    0.329808 0.000237827
         295     0.33342     0.32982 0.000237336
         296    0.329198    0.329818 0.000236544
         297    0.329702    0.329817 0.000235748
         298    0.335028    0.329835 0.000235604
         299    0.326131    0.329823 0.000235141
         300    0.332936    0.329833 0.000234587
         301    0.330584    0.329835 0.000233821
         302    0.331963    0.329842 0.000233152
         303    0.325582    0.329828 0.000232806
         304     0.32924    0.329826 0.000232049
         305    0.331741    0.329833 0.000231373
         306    0.332956    0.329843 0.000230842
         307    0.327356    0.329835 0.000230232
         308    0.335481    0.329853 0.000230213
         309    0.328098    0.329848 0.000229538
         310    0.331585    0.329853 0.000228866
         311    0.327324    0.329845 0.000228275
         312    0.331192    0.329849 0.000227584
         313    0.329561    0.329848 0.000226859
         314    0.326552    0.329838 0.000226379
         315    0.331413    0.329843 0.000225715
         316    0.323539    0.329823 0.000225881
         317    0.331567    0.329828 0.000225235
         318    0.320422    0.329799 0.000226461
         319    0.328669    0.329795 0.000225779
         320    0.330872    0.329799 0.000225098
         321    0.328713    0.329795 0.000224422
         322    0.331276      0.3298 0.000223772
         323     0.33018    0.329801 0.000223083
         324    0.324933    0.329786   0.0002229
         325    0.327035    0.329778 0.000222374
         326     0.33038    0.329779   0.0002217
         327    0.330113     0.32978 0.000221024
         328    0.331414    0.329785 0.000220407
         329    0.330855    0.329789 0.000219761
         330    0.331233    0.329793 0.000219138
         331     0.32556     0.32978 0.000218849
         332    0.329701     0.32978  0.00021819
         333        0.33    0.329781 0.000217536
         334    0.336126      0.3298 0.000217712
         335    0.335312    0.329816 0.000217683
         336    0.333031    0.329826 0.000217246
         337    0.325242    0.329812 0.000217026
         338    0.325744      0.3298 0.000216718
         339    0.333132     0.32981 0.000216301
         340    0.334402    0.329823 0.000216086
         341    0.331042    0.329827 0.000215482
         342    0.331929    0.329833  0.00021494
         343    0.325261     0.32982 0.000214726
         344    0.329961     0.32982 0.000214102
         345    0.330527    0.329822 0.000213491
         346    0.331299    0.329827 0.000212917
         347    0.331958    0.329833 0.000212392
         348    0.333639    0.329844 0.000212063
         349    0.325028     0.32983 0.000211904
         350    0.331835    0.329836 0.000211376
         351    0.331176    0.329839 0.000210808
         352    0.335578    0.329856 0.000210839
         353    0.325845    0.329844 0.000210548
         354    0.332865    0.329853 0.000210126
         355    0.334044    0.329865 0.000209865
         356    0.335845    0.329881 0.000209947
         357    0.329076    0.329879 0.000209371
         358    0.328083    0.329874 0.000208846
         359    0.331396    0.329878 0.000208308
         360     0.33316    0.329888 0.000207928
         361    0.321734    0.329865 0.000208575
         362    0.336501    0.329883 0.000208803
         363    0.326048    0.329873 0.000208495
         364    0.337803    0.329894 0.000209058
         365    0.328197     0.32989 0.000208537
         366    0.335057    0.329904 0.000208444
         367    0.328204    0.329899 0.000207928
         368    0.327167    0.329892 0.000207495
         369    0.329527    0.329891 0.000206935
         370    0.327819    0.329885 0.000206452
         371    0.339414    0.329911 0.000207487
         372     0.33343     0.32992 0.000207145
         373    0.323448    0.329903 0.000207315
         374    0.325489    0.329891 0.000207096
         375    0.322375    0.329871 0.000207512
         376    0.332208    0.329877 0.000207053
         377    0.328053    0.329873  0.00020656
         378    0.335907    0.329889  0.00020663
         379    0.329047    0.329886 0.000206096
         380    0.328146    0.329882 0.000205605
         381    0.325629    0.329871 0.000205368
         382    0.326313    0.329861 0.000205042
         383    0.327784    0.329856 0.000204578
         384    0.324569    0.329842 0.000204508
         385    0.325934    0.329832 0.000204229
         386    0.324047    0.329817 0.000204249
         387    0.335781    0.329832 0.000204301
         388    0.327338    0.329826 0.000203876
         389    0.326705    0.329818  0.00020351
         390    0.329468    0.329817  0.00020299
         391    0.333152    0.329826  0.00020265
         392    0.325503    0.329815 0.000202433
         393    0.330294    0.329816 0.000201921
         394    0.331043    0.329819 0.000201433
         395    0.329712    0.329819 0.000200923
         396    0.331907    0.329824 0.000200485
         397    0.329778    0.329824  0.00019998
         398    0.324433     0.32981 0.000199936
         399    0.330093    0.329811 0.000199436
         400    0.334085    0.329822 0.000199223
         401    0.330677    0.329824 0.000198738
         402    0.328013    0.329819 0.000198294
         403    0.328392    0.329816 0.000197834
         404    0.333524    0.329825 0.000197557
         405    0.323876     0.32981 0.000197615
         406    0.331912    0.329815 0.000197196
         407    0.330244    0.329816 0.000196714
         408    0.321362    0.329796  0.00019732
         409    0.332996    0.329804 0.000196993
         410    0.330062    0.329804 0.000196513
         411    0.329462    0.329803 0.000196037
         412    0.323769    0.329789 0.000196108
         413    0.333221    0.329797 0.000195809
         414    0.333999    0.329807 0.000195599
         415    0.320846    0.329786 0.000196316
         416    0.331146    0.329789 0.000195871
         417    0.331679    0.329793 0.000195454
         418    0.332804    0.329801 0.000195119
         419    0.327221    0.329794  0.00019475
         420    0.327587    0.329789 0.000194357
         421    0.329152    0.329788 0.000193902
         422    0.324581    0.329775 0.000193834
         423    0.325842    0.329766 0.000193599
         424    0.330069    0.329767 0.000193144
         425     0.33782    0.329786 0.000193616
         426    0.332721    0.329793 0.000193284
         427    0.328827     0.32979 0.000192845
         428    0.335124    0.329803 0.000192797
         429    0.336689    0.329819 0.000193014
         430    0.325148    0.329808 0.000192871
         431    0.328432    0.329805  0.00019245
         432    0.325841    0.329796 0.000192223
         433    0.325484    0.329786 0.000192037
         434    0.331255    0.329789 0.000191624
         435    0.336928    0.329805 0.000191885
         436    0.333871    0.329815 0.000191671
         437    0.324841    0.329803  0.00019157
         438    0.327656    0.329798 0.000191196
         439    0.324513    0.329786 0.000191139
         440    0.328932    0.329784 0.000190714
         441    0.337798    0.329803 0.000191145
         442    0.334914    0.329814 0.000191063
         443    0.328045     0.32981 0.000190673
         444    0.323226    0.329795 0.000190819
         445    0.330556    0.329797 0.000190398
         446      0.3203    0.329776 0.000191158
         447    0.323285    0.329761 0.000191281
         448     0.32352    0.329747 0.000191361
         449     0.33071    0.329749 0.000190947
         450    0.333589    0.329758 0.000190713
         451    0.327734    0.329754 0.000190343
         452     0.32449    0.329742 0.000190278
         453    0.330922    0.329744 0.000189876
         454    0.331486    0.329748 0.000189496
         455    0.336934    0.329764 0.000189737
         456    0.319704    0.329742 0.000190599
         457    0.330822    0.329744 0.000190196
         458    0.329426    0.329744 0.000189782
         459    0.333258    0.329751 0.000189523
         460    0.335677    0.329764 0.000189549
         461    0.330936    0.329767 0.000189154
         462    0.329771    0.329767 0.000188745
         463    0.330446    0.329768 0.000188343
         464    0.326027     0.32976  0.00018811
         465    0.331826    0.329765 0.000187758
         466    0.327303    0.329759 0.000187429
         467    0.328221    0.329756 0.000187057
         468    0.336792    0.329771  0.00018726
         469    0.323773    0.329758 0.000187297
         470    0.330623     0.32976 0.000186907
         471    0.328738    0.329758 0.000186523
         472    0.333607    0.329766 0.000186306
         473    0.328822    0.329764 0.000185923
         474    0.338716    0.329783 0.000186487
         475    0.331369    0.329786 0.000186125
         476    0.321406    0.329769 0.000186565
         477    0.327918    0.329765 0.000186214
         478    0.330308    0.329766 0.000185828
         479    0.333236    0.329773 0.000185581
         480    0.337399    0.329789 0.000185873
         481    0.324838    0.329779 0.000185771
         482    0.334832    0.329789 0.000185682
         483    0.328444    0.329787 0.000185318
         484    0.326194    0.329779 0.000185084
         485    0.328142    0.329776 0.000184733
         486    0.330853    0.329778 0.000184366
         487    0.333185    0.329785  0.00018412
         488    0.332518    0.329791 0.000183828
         489    0.326217    0.329783 0.000183597
         490    0.331377    0.329787 0.000183251
         491    0.325552    0.329778 0.000183081
         492    0.327421    0.329773 0.000182772
         493    0.328825    0.329771 0.000182411
         494    0.331243    0.329774 0.000182066
         495    0.328878    0.329772 0.000181707
         496    0.332219    0.329777 0.000181408
         497    0.335221    0.329788 0.000181373
         498    0.330031    0.329789  0.00018101
         499    0.336667    0.329803 0.000181171
         500    0.327763    0.329798 0.000180855
