#     BLOCK:   ACTUAL_TE:    TE_AVE:      ERROR:
           1   -0.973984   -0.973984           0
           2   -0.974661   -0.974322 0.000239228
           3     -0.9749   -0.974515 0.000224045
           4   -0.974005   -0.974387  0.00020109
           5   -0.974181   -0.974346 0.000165055
           6   -0.974261   -0.974332 0.000138155
           7   -0.974233   -0.974318 0.000119136
           8   -0.973818   -0.974255 0.000119493
           9   -0.973539   -0.974176 0.000130053
          10   -0.974113    -0.97417 0.000117201
          11   -0.974684   -0.974216 0.000115511
          12   -0.974667   -0.974254 0.000111815
          13   -0.974794   -0.974295 0.000110652
          14   -0.973989   -0.974274 0.000104884
          15   -0.973714   -0.974236 0.000104305
          16   -0.974013   -0.974222 9.87153e-05
          17   -0.974089   -0.974214  9.3218e-05
          18   -0.975004   -0.974258 9.78144e-05
          19   -0.973982   -0.974244  9.3743e-05
          20   -0.973763    -0.97422 9.20863e-05
          21   -0.973703   -0.974195 9.09262e-05
          22   -0.974092    -0.97419 8.69149e-05
          23   -0.973835   -0.974175 8.44995e-05
          24   -0.974303    -0.97418 8.11457e-05
          25   -0.974017   -0.974174 7.81609e-05
          26   -0.973748   -0.974157 7.68548e-05
          27   -0.973559   -0.974135 7.71387e-05
          28   -0.973824   -0.974124 7.51781e-05
          29   -0.975131   -0.974159 8.02084e-05
          30   -0.974206    -0.97416 7.75504e-05
          31   -0.973557   -0.974141 7.74497e-05
          32   -0.974819   -0.974162 7.78712e-05
          33   -0.973966   -0.974156 7.57387e-05
          34   -0.974871   -0.974177 7.63717e-05
          35   -0.973828   -0.974167 7.48374e-05
          36   -0.973265   -0.974142 7.68445e-05
          37   -0.973655   -0.974129 7.58865e-05
          38   -0.973752   -0.974119 7.45367e-05
          39   -0.973871   -0.974113 7.28956e-05
          40   -0.973444   -0.974096 7.29667e-05
          41   -0.973262   -0.974076 7.39706e-05
          42   -0.974093   -0.974076 7.22105e-05
          43    -0.97373   -0.974068 7.09787e-05
          44   -0.974456   -0.974077 6.99104e-05
          45   -0.973832   -0.974071 6.85681e-05
          46   -0.973683   -0.974063  6.7596e-05
          47   -0.973623   -0.974054 6.68041e-05
          48   -0.974752   -0.974068 6.69778e-05
          49    -0.97391   -0.974065 6.56889e-05
          50   -0.973813    -0.97406 6.45684e-05
          51   -0.973863   -0.974056 6.34181e-05
          52   -0.973918   -0.974053 6.22539e-05
          53   -0.973421   -0.974041 6.22132e-05
          54   -0.973504   -0.974031 6.18512e-05
          55   -0.974078   -0.974032 6.07323e-05
          56   -0.975201   -0.974053 6.31302e-05
          57    -0.97412   -0.974054 6.20335e-05
          58   -0.974441   -0.974061 6.13206e-05
          59   -0.974529   -0.974069 6.07918e-05
          60   -0.973491   -0.974059 6.05362e-05
          61   -0.975756   -0.974087 6.56235e-05
          62   -0.974317   -0.974091 6.46697e-05
          63   -0.974178   -0.974092  6.3658e-05
          64   -0.973914   -0.974089 6.27243e-05
          65   -0.973429   -0.974079 6.25772e-05
          66   -0.974164   -0.974081 6.16423e-05
          67   -0.974328   -0.974084 6.08325e-05
          68   -0.974363   -0.974088 6.00759e-05
          69   -0.975017   -0.974102 6.06929e-05
          70   -0.975103   -0.974116 6.14874e-05
          71   -0.973855   -0.974112 6.07315e-05
          72   -0.974643    -0.97412 6.03334e-05
          73   -0.973884   -0.974117 5.95936e-05
          74   -0.974909   -0.974127 5.97428e-05
          75   -0.973603    -0.97412 5.93538e-05
          76   -0.974622   -0.974127 5.89387e-05
          77   -0.974264   -0.974129 5.82001e-05
          78   -0.974072   -0.974128 5.74585e-05
          79   -0.974128   -0.974128 5.67312e-05
          80   -0.973674   -0.974122 5.63045e-05
          81   -0.974422   -0.974126 5.57312e-05
          82   -0.973455   -0.974118 5.56482e-05
          83   -0.974062   -0.974117 5.49818e-05
          84   -0.974413   -0.974121 5.44401e-05
          85   -0.973546   -0.974114  5.4218e-05
          86   -0.973266   -0.974104 5.44755e-05
          87   -0.974813   -0.974112 5.44562e-05
          88   -0.974364   -0.974115 5.39123e-05
          89   -0.973633    -0.97411 5.35777e-05
          90   -0.973935   -0.974108 5.30173e-05
          91   -0.973341   -0.974099 5.31006e-05
          92    -0.97326    -0.97409 5.33007e-05
          93   -0.973107    -0.97408 5.37653e-05
          94   -0.974027   -0.974079 5.31962e-05
          95   -0.974138    -0.97408 5.26398e-05
          96    -0.97424   -0.974081  5.2118e-05
          97   -0.975056   -0.974091 5.25402e-05
          98   -0.975118   -0.974102 5.30391e-05
          99   -0.973929     -0.9741 5.25321e-05
         100   -0.973572   -0.974095  5.2271e-05
         101   -0.974805   -0.974102 5.22239e-05
         102   -0.974527   -0.974106 5.18782e-05
         103   -0.973552   -0.974101 5.16528e-05
         104   -0.974079     -0.9741 5.11566e-05
         105   -0.974671   -0.974106 5.09576e-05
         106   -0.974912   -0.974113 5.10419e-05
         107   -0.973858   -0.974111 5.06205e-05
         108   -0.974368   -0.974113 5.02079e-05
         109   -0.974502   -0.974117 4.98738e-05
         110    -0.97372   -0.974113 4.95506e-05
         111   -0.973914   -0.974112 4.91367e-05
         112   -0.974043   -0.974111 4.87018e-05
         113   -0.974363   -0.974113 4.83217e-05
         114    -0.97366   -0.974109 4.80613e-05
         115   -0.973472   -0.974104 4.79617e-05
         116   -0.973722     -0.9741 4.76609e-05
         117   -0.974176   -0.974101 4.72579e-05
         118   -0.974936   -0.974108 4.73838e-05
         119   -0.974361    -0.97411 4.70333e-05
         120     -0.9741    -0.97411 4.66415e-05
         121   -0.973151   -0.974102 4.69251e-05
         122   -0.974682   -0.974107 4.67801e-05
         123   -0.974447    -0.97411 4.64812e-05
         124   -0.974051   -0.974109 4.61088e-05
         125   -0.974861   -0.974115 4.61301e-05
         126    -0.97385   -0.974113 4.58118e-05
         127   -0.974485   -0.974116 4.55446e-05
         128   -0.973291    -0.97411 4.56422e-05
         129    -0.97376   -0.974107 4.53689e-05
         130   -0.974092   -0.974107 4.50201e-05
         131   -0.974246   -0.974108  4.4689e-05
         132   -0.974226   -0.974109 4.43595e-05
         133   -0.974138   -0.974109 4.40265e-05
         134   -0.974255    -0.97411 4.37113e-05
         135   -0.973682   -0.974107 4.35026e-05
         136   -0.974086   -0.974107  4.3183e-05
         137   -0.973557   -0.974103 4.30539e-05
         138   -0.974361   -0.974105 4.27825e-05
         139   -0.974639   -0.974108 4.26472e-05
         140   -0.974409   -0.974111 4.23966e-05
         141   -0.974181   -0.974111 4.20989e-05
         142   -0.973703   -0.974108 4.19003e-05
         143    -0.97336   -0.974103  4.1933e-05
         144   -0.974345   -0.974105 4.16754e-05
         145   -0.975084   -0.974111 4.19316e-05
         146   -0.973457   -0.974107 4.18834e-05
         147   -0.973909   -0.974106   4.162e-05
         148   -0.973642   -0.974103 4.14564e-05
         149   -0.974138   -0.974103 4.11788e-05
         150   -0.974227   -0.974104 4.09127e-05
         151   -0.974169   -0.974104  4.0644e-05
         152   -0.974077   -0.974104  4.0377e-05
         153   -0.974154   -0.974104 4.01145e-05
         154   -0.974121   -0.974104 3.98541e-05
         155   -0.974529   -0.974107 3.96913e-05
         156   -0.973703   -0.974104 3.95211e-05
         157   -0.974542   -0.974107 3.93677e-05
         158   -0.974555    -0.97411 3.92205e-05
         159    -0.97381   -0.974108 3.90192e-05
         160   -0.973706   -0.974106  3.8856e-05
         161   -0.974299   -0.974107 3.86332e-05
         162   -0.973774   -0.974105 3.84494e-05
         163   -0.974636   -0.974108 3.83513e-05
         164   -0.973707   -0.974106 3.81955e-05
         165   -0.974094   -0.974106 3.79641e-05
         166   -0.974424   -0.974107 3.77837e-05
         167   -0.974752   -0.974111 3.77542e-05
         168    -0.97455   -0.974114 3.76196e-05
         169   -0.974457   -0.974116 3.74516e-05
         170   -0.974333   -0.974117  3.7253e-05
         171    -0.97449   -0.974119  3.7099e-05
         172   -0.974662   -0.974123 3.70173e-05
         173   -0.974918   -0.974127  3.7088e-05
         174    -0.97304   -0.974121 3.73978e-05
         175   -0.974419   -0.974123 3.72228e-05
         176   -0.973612    -0.97412  3.7124e-05
         177    -0.97362   -0.974117 3.70215e-05
         178   -0.974638    -0.97412 3.69293e-05
         179   -0.973492   -0.974116 3.68889e-05
         180   -0.974308   -0.974117 3.66993e-05
         181   -0.974767   -0.974121 3.66715e-05
         182    -0.97413   -0.974121   3.647e-05
         183   -0.973635   -0.974118 3.63671e-05
         184   -0.974158   -0.974119 3.61701e-05
         185   -0.973568   -0.974116 3.60968e-05
         186   -0.974393   -0.974117 3.59336e-05
         187    -0.97452   -0.974119 3.58061e-05
         188   -0.973706   -0.974117 3.56829e-05
         189     -0.9747    -0.97412 3.56274e-05
         190   -0.974082    -0.97412 3.54404e-05
         191   -0.974119    -0.97412 3.52548e-05
         192   -0.974481   -0.974122 3.51212e-05
         193   -0.973846    -0.97412 3.49684e-05
         194   -0.974229   -0.974121 3.47926e-05
         195   -0.975435   -0.974128 3.52608e-05
         196   -0.973344   -0.974124  3.5307e-05
         197   -0.974365   -0.974125  3.5149e-05
         198   -0.974037   -0.974124 3.49743e-05
         199   -0.973534   -0.974122  3.4924e-05
         200   -0.973398   -0.974118 3.49362e-05
         201    -0.97481   -0.974121 3.49318e-05
         202   -0.974868   -0.974125 3.49536e-05
         203   -0.974945   -0.974129 3.50141e-05
         204   -0.974141   -0.974129 3.48425e-05
         205   -0.973894   -0.974128 3.46914e-05
         206   -0.974109   -0.974128 3.45231e-05
         207   -0.973935   -0.974127 3.43689e-05
         208   -0.973915   -0.974126 3.42188e-05
         209    -0.97368   -0.974124 3.41216e-05
         210   -0.974792   -0.974127 3.41073e-05
         211   -0.974322   -0.974128 3.39582e-05
         212   -0.974144   -0.974128 3.37981e-05
         213   -0.973765   -0.974126 3.36824e-05
         214   -0.973982   -0.974126 3.35317e-05
         215    -0.97379   -0.974124 3.34121e-05
         216   -0.973235    -0.97412 3.35099e-05
         217   -0.974672   -0.974122 3.34518e-05
         218   -0.974624   -0.974125 3.33774e-05
         219   -0.973953   -0.974124 3.32342e-05
         220    -0.97418   -0.974124 3.30841e-05
         221   -0.974444   -0.974126 3.29661e-05
         222   -0.973509   -0.974123 3.29343e-05
         223   -0.973574    -0.97412 3.28785e-05
         224   -0.973958    -0.97412 3.27397e-05
         225   -0.974384   -0.974121 3.26153e-05
         226   -0.974248   -0.974121 3.24758e-05
         227   -0.974207   -0.974122 3.23349e-05
         228   -0.974164   -0.974122 3.21936e-05
         229   -0.973594    -0.97412 3.21354e-05
         230   -0.974187    -0.97412  3.1997e-05
         231    -0.97391   -0.974119 3.18714e-05
         232   -0.974795   -0.974122  3.1867e-05
         233   -0.974771   -0.974125 3.18516e-05
         234    -0.97392   -0.974124 3.17275e-05
         235   -0.974649   -0.974126  3.1671e-05
         236   -0.974668   -0.974128   3.162e-05
         237   -0.974234   -0.974129 3.14897e-05
         238   -0.974513   -0.974131 3.13987e-05
         239   -0.974873   -0.974134 3.14207e-05
         240    -0.97464   -0.974136 3.13606e-05
         241   -0.973798   -0.974134 3.12618e-05
         242   -0.973613   -0.974132 3.12066e-05
         243   -0.973676    -0.97413 3.11347e-05
         244   -0.974049    -0.97413 3.10089e-05
         245    -0.97477   -0.974133 3.09922e-05
         246   -0.974191   -0.974133 3.08672e-05
         247   -0.973738   -0.974131 3.07835e-05
         248   -0.973794    -0.97413 3.06894e-05
         249   -0.973911   -0.974129 3.05787e-05
         250   -0.974701   -0.974131 3.05419e-05
         251   -0.974196   -0.974132 3.04213e-05
         252   -0.974822   -0.974134 3.04239e-05
         253   -0.973101    -0.97413 3.05764e-05
         254   -0.973735   -0.974129 3.04957e-05
         255   -0.973716   -0.974127 3.04189e-05
         256   -0.972955   -0.974122  3.0643e-05
         257   -0.974122   -0.974122 3.05237e-05
         258   -0.974255   -0.974123 3.04098e-05
         259   -0.973029   -0.974119 3.05844e-05
         260   -0.973878   -0.974118 3.04807e-05
         261   -0.973731   -0.974116 3.03999e-05
         262   -0.974277   -0.974117 3.02901e-05
         263   -0.974178   -0.974117 3.01758e-05
         264    -0.97438   -0.974118 3.00779e-05
         265   -0.973439   -0.974116 3.00733e-05
         266    -0.97381   -0.974114 2.99821e-05
         267   -0.974285   -0.974115 2.98766e-05
         268   -0.974365   -0.974116 2.97797e-05
         269   -0.974183   -0.974116 2.96701e-05
         270   -0.973898   -0.974115 2.95712e-05
         271   -0.973979   -0.974115 2.94664e-05
         272   -0.974228   -0.974115  2.9361e-05
         273   -0.973569   -0.974113 2.93215e-05
         274   -0.974078   -0.974113 2.92148e-05
         275   -0.973717   -0.974112 2.91441e-05
         276   -0.973848   -0.974111 2.90542e-05
         277   -0.974217   -0.974111 2.89519e-05
         278   -0.974335   -0.974112  2.8859e-05
         279   -0.973884   -0.974111 2.87671e-05
         280   -0.973827    -0.97411 2.86823e-05
         281   -0.973845   -0.974109 2.85957e-05
         282   -0.974047   -0.974109 2.84951e-05
         283   -0.974056   -0.974109 2.83951e-05
         284   -0.973825   -0.974108 2.83127e-05
         285   -0.974005   -0.974107 2.82156e-05
         286   -0.974952    -0.97411 2.82709e-05
         287    -0.97364   -0.974109 2.82199e-05
         288   -0.973536   -0.974107 2.81918e-05
         289   -0.973204   -0.974104 2.82668e-05
         290   -0.974106   -0.974104 2.81693e-05
         291   -0.973584   -0.974102  2.8129e-05
         292   -0.974475   -0.974103 2.80617e-05
         293   -0.973527   -0.974101 2.80348e-05
         294   -0.974122   -0.974101 2.79396e-05
         295   -0.973471   -0.974099 2.79264e-05
         296   -0.974104   -0.974099  2.7832e-05
         297   -0.974098   -0.974099 2.77383e-05
         298   -0.973288   -0.974096 2.77785e-05
         299   -0.974365   -0.974097 2.77001e-05
         300   -0.973731   -0.974096 2.76346e-05
         301   -0.973948   -0.974096 2.75472e-05
         302   -0.973779   -0.974095 2.74759e-05
         303   -0.974737   -0.974097  2.7467e-05
         304   -0.974207   -0.974097 2.73791e-05
         305   -0.973744   -0.974096 2.73138e-05
         306   -0.973595   -0.974094 2.72736e-05
         307   -0.974421   -0.974095 2.72055e-05
         308   -0.973677   -0.974094  2.7151e-05
         309   -0.974046   -0.974094 2.70636e-05
         310   -0.973949   -0.974093 2.69803e-05
         311   -0.974559   -0.974095 2.69351e-05
         312   -0.973843   -0.974094 2.68609e-05
         313   -0.974322   -0.974095  2.6785e-05
         314   -0.974359   -0.974096 2.67129e-05
         315    -0.97401   -0.974095 2.66295e-05
         316   -0.974832   -0.974098 2.66469e-05
         317   -0.974144   -0.974098 2.65633e-05
         318   -0.975131   -0.974101 2.66778e-05
         319    -0.97412   -0.974101 2.65942e-05
         320   -0.973927   -0.974101 2.65167e-05
         321    -0.97444   -0.974102 2.64551e-05
         322   -0.974177   -0.974102  2.6374e-05
         323   -0.973782   -0.974101  2.6311e-05
         324   -0.974606   -0.974102 2.62759e-05
         325   -0.974209   -0.974103 2.61971e-05
         326   -0.973933   -0.974102  2.6122e-05
         327     -0.9738   -0.974101 2.60584e-05
         328   -0.973699     -0.9741 2.60078e-05
         329   -0.973761   -0.974099 2.59492e-05
         330   -0.973885   -0.974098 2.58787e-05
         331   -0.974264   -0.974099 2.58053e-05
         332   -0.974034   -0.974099 2.57284e-05
         333   -0.973988   -0.974098 2.56532e-05
         334   -0.973466   -0.974097 2.56462e-05
         335   -0.973293   -0.974094 2.56817e-05
         336   -0.973885   -0.974093 2.56128e-05
         337   -0.974394   -0.974094 2.55523e-05
         338   -0.974544   -0.974096 2.55113e-05
         339   -0.973864   -0.974095 2.54452e-05
         340    -0.97366   -0.974094 2.54025e-05
         341   -0.973911   -0.974093 2.53337e-05
         342   -0.973854   -0.974093 2.52692e-05
         343   -0.974567   -0.974094 2.52334e-05
         344    -0.97416   -0.974094 2.51608e-05
         345   -0.973869   -0.974093 2.50963e-05
         346   -0.973971   -0.974093 2.50263e-05
         347   -0.973748   -0.974092 2.49738e-05
         348   -0.973953   -0.974092 2.49053e-05
         349   -0.974626   -0.974093  2.4881e-05
         350   -0.973782   -0.974092 2.48258e-05
         351   -0.973925   -0.974092 2.47596e-05
         352   -0.973667   -0.974091 2.47186e-05
         353   -0.974604   -0.974092 2.46913e-05
         354   -0.973791   -0.974091 2.46363e-05
         355   -0.973727    -0.97409 2.45882e-05
         356   -0.973239   -0.974088 2.46351e-05
         357   -0.974206   -0.974088 2.45683e-05
         358   -0.974181   -0.974088  2.4501e-05
         359     -0.9741   -0.974088 2.44328e-05
         360   -0.973779   -0.974088   2.438e-05
         361   -0.975048    -0.97409 2.44573e-05
         362   -0.973666   -0.974089 2.44179e-05
         363   -0.974466    -0.97409 2.43726e-05
         364   -0.973153   -0.974088 2.44413e-05
         365   -0.974269   -0.974088 2.43794e-05
         366   -0.973373   -0.974086  2.4391e-05
         367   -0.974368   -0.974087 2.43366e-05
         368   -0.974478   -0.974088 2.42937e-05
         369   -0.974002   -0.974088  2.4229e-05
         370   -0.974386   -0.974088 2.41769e-05
         371   -0.972896   -0.974085 2.43245e-05
         372   -0.973636   -0.974084 2.42891e-05
         373   -0.974562   -0.974085 2.42578e-05
         374   -0.974636   -0.974087 2.42376e-05
         375   -0.974751   -0.974089 2.42376e-05
         376   -0.973913   -0.974088 2.41777e-05
         377   -0.974395   -0.974089 2.41272e-05
         378   -0.973421   -0.974087  2.4128e-05
         379   -0.974268   -0.974088  2.4069e-05
         380   -0.974309   -0.974088 2.40127e-05
         381   -0.974392   -0.974089 2.39629e-05
         382   -0.974535    -0.97409 2.39287e-05
         383   -0.974293   -0.974091 2.38721e-05
         384   -0.974693   -0.974092 2.38614e-05
         385   -0.974551   -0.974093 2.38291e-05
         386   -0.974708   -0.974095 2.38205e-05
         387   -0.973258   -0.974093  2.3857e-05
         388   -0.974467   -0.974094  2.3815e-05
         389   -0.974545   -0.974095  2.3782e-05
         390   -0.973934   -0.974095 2.37247e-05
         391   -0.973552   -0.974093 2.37046e-05
         392   -0.974517   -0.974094 2.36688e-05
         393   -0.974291   -0.974095 2.36138e-05
         394   -0.973937   -0.974094 2.35573e-05
         395   -0.974102   -0.974094 2.34977e-05
         396   -0.974076   -0.974094 2.34384e-05
         397   -0.973957   -0.974094 2.33819e-05
         398   -0.974824   -0.974096  2.3395e-05
         399   -0.974147   -0.974096 2.33367e-05
         400    -0.97345   -0.974094 2.33343e-05
         401   -0.973882   -0.974094 2.32821e-05
         402   -0.974241   -0.974094  2.3227e-05
         403   -0.974398   -0.974095 2.31816e-05
         404   -0.973653   -0.974094   2.315e-05
         405   -0.974686   -0.974095 2.31391e-05
         406    -0.97383   -0.974095 2.30913e-05
         407   -0.973893   -0.974094 2.30399e-05
         408   -0.975116   -0.974097 2.31191e-05
         409   -0.973513   -0.974095 2.31066e-05
         410   -0.974285   -0.974096 2.30549e-05
         411   -0.973939   -0.974095 2.30019e-05
         412   -0.974796   -0.974097 2.30089e-05
         413   -0.973745   -0.974096  2.2969e-05
         414   -0.973678   -0.974095 2.29357e-05
         415   -0.974847   -0.974097 2.29519e-05
         416   -0.973944   -0.974097 2.28997e-05
         417   -0.973604   -0.974095 2.28752e-05
         418   -0.973928   -0.974095  2.2824e-05
         419    -0.97451   -0.974096  2.2791e-05
         420   -0.974319   -0.974097 2.27429e-05
         421   -0.974121   -0.974097  2.2689e-05
         422   -0.974639   -0.974098 2.26716e-05
         423   -0.974548   -0.974099  2.2643e-05
         424   -0.974385     -0.9741 2.25996e-05
         425   -0.973218   -0.974098 2.26414e-05
         426   -0.973872   -0.974097 2.25944e-05
         427   -0.974018   -0.974097 2.25423e-05
         428   -0.973696   -0.974096  2.2509e-05
         429   -0.973487   -0.974095 2.25012e-05
         430   -0.974702   -0.974096 2.24932e-05
         431   -0.974205   -0.974096 2.24424e-05
         432   -0.974471   -0.974097 2.24073e-05
         433   -0.974543   -0.974098 2.23792e-05
         434    -0.97359   -0.974097 2.23582e-05
         435   -0.973282   -0.974095 2.23851e-05
         436   -0.973654   -0.974094 2.23566e-05
         437   -0.974779   -0.974096 2.23604e-05
         438   -0.974316   -0.974096  2.2315e-05
         439   -0.974556   -0.974097 2.22888e-05
         440   -0.974127   -0.974097 2.22382e-05
         441   -0.973196   -0.974095 2.22816e-05
         442   -0.973322   -0.974093 2.22997e-05
         443   -0.974294   -0.974094 2.22539e-05
         444    -0.97468   -0.974095  2.2243e-05
         445   -0.974261   -0.974096 2.21961e-05
         446   -0.975152   -0.974098 2.22723e-05
         447   -0.974792   -0.974099 2.22764e-05
         448   -0.974628   -0.974101  2.2258e-05
         449   -0.973959     -0.9741 2.22106e-05
         450   -0.973658   -0.974099  2.2183e-05
         451   -0.974494     -0.9741  2.2151e-05
         452   -0.974519   -0.974101 2.21214e-05
         453   -0.973861   -0.974101 2.20789e-05
         454   -0.973959     -0.9741 2.20325e-05
         455   -0.973261   -0.974098 2.20612e-05
         456   -0.975126   -0.974101 2.21276e-05
         457   -0.973999   -0.974101 2.20803e-05
         458   -0.974313   -0.974101 2.20369e-05
         459   -0.973994   -0.974101 2.19902e-05
         460   -0.973533     -0.9741  2.1977e-05
         461   -0.973976   -0.974099 2.19309e-05
         462   -0.974357     -0.9741 2.18906e-05
         463   -0.974192     -0.9741 2.18442e-05
         464   -0.974237     -0.9741 2.17991e-05
         465   -0.973734     -0.9741 2.17665e-05
         466    -0.97424     -0.9741 2.17219e-05
         467   -0.974203     -0.9741 2.16765e-05
         468   -0.973249   -0.974098 2.17062e-05
         469   -0.974666   -0.974099 2.16937e-05
         470   -0.973887   -0.974099 2.16523e-05
         471   -0.974405     -0.9741  2.1616e-05
         472   -0.973409   -0.974098 2.16197e-05
         473   -0.974033   -0.974098 2.15744e-05
         474    -0.97288   -0.974095 2.16814e-05
         475   -0.973931   -0.974095 2.16386e-05
         476   -0.975074   -0.974097 2.16907e-05
         477   -0.974417   -0.974098 2.16556e-05
         478   -0.974117   -0.974098 2.16103e-05
         479   -0.973601   -0.974097 2.15901e-05
         480   -0.973519   -0.974096 2.15786e-05
         481   -0.974481   -0.974096 2.15486e-05
         482   -0.973378   -0.974095 2.15553e-05
         483   -0.974278   -0.974095  2.1514e-05
         484   -0.974459   -0.974096 2.14827e-05
         485   -0.974457   -0.974097 2.14513e-05
         486   -0.974176   -0.974097 2.14078e-05
         487   -0.973672   -0.974096 2.13816e-05
         488   -0.973777   -0.974095 2.13477e-05
         489   -0.974416   -0.974096 2.13141e-05
         490   -0.973565   -0.974095 2.12981e-05
         491     -0.9748   -0.974096 2.13032e-05
         492   -0.974201   -0.974097 2.12609e-05
         493   -0.974113   -0.974097 2.12178e-05
         494   -0.974139   -0.974097 2.11751e-05
         495   -0.974348   -0.974097 2.11384e-05
         496   -0.973828   -0.974097 2.11027e-05
         497   -0.973405   -0.974095 2.11061e-05
         498   -0.974172   -0.974096 2.10643e-05
         499   -0.973411   -0.974094 2.10667e-05
         500   -0.974243   -0.974094 2.10267e-05
