#     BLOCK:   ACTUAL_X:     X_AVE:       ERROR:
           1     78.9981     78.9981           0
           2     79.5115     79.2548    0.181521
           3      79.783     79.4309    0.187918
           4     78.8656     79.2895    0.186665
           5     79.1046     79.2526    0.152952
           6     79.1384     79.2335    0.128638
           7      79.119     79.2172    0.111297
           8     78.7118      79.154    0.113911
           9     78.4056     79.0708     0.12806
          10     78.9351     79.0573    0.115971
          11     79.6643     79.1125    0.117829
          12     79.7018     79.1616    0.117802
          13     79.6811     79.2015     0.11532
          14     78.8297      79.175    0.110099
          15     78.6704     79.1413    0.107776
          16      78.889     79.1256    0.102187
          17     79.0989      79.124   0.0961884
          18     79.8643     79.1651    0.099249
          19     78.7812     79.1449   0.0960603
          20     78.5678     79.1161    0.095493
          21     78.7332     79.0978   0.0926701
          22     79.1575     79.1005   0.0884975
          23     78.6578     79.0813   0.0867179
          24      79.106     79.0823   0.0831108
          25      78.936     79.0765   0.0799921
          26     78.6385     79.0596   0.0786689
          27     78.5532     79.0409   0.0779591
          28     78.8057     79.0325    0.075626
          29     80.0997     79.0693   0.0814815
          30     79.1002     79.0703   0.0787719
          31     78.5531     79.0536   0.0779775
          32     79.6567     79.0725   0.0777849
          33     78.8679     79.0663   0.0756744
          34     79.7726      79.087   0.0762472
          35     78.7888     79.0785   0.0745434
          36     78.1597      79.053   0.0767177
          37     78.6938     79.0433   0.0752558
          38     78.6936     79.0341   0.0738359
          39     78.8401     79.0291   0.0721099
          40     78.4793     79.0154   0.0716052
          41     78.2713     78.9972   0.0721216
          42     79.0525     78.9985   0.0704164
          43     78.7134     78.9919   0.0690903
          44     79.4148     79.0015   0.0681852
          45     78.7916     78.9968   0.0668294
          46     78.5454      78.987   0.0660933
          47     78.5373     78.9775   0.0653762
          48     79.5682     78.9898   0.0651622
          49     78.6663     78.9832   0.0641659
          50     78.7938     78.9794   0.0629943
          51     78.8527     78.9769    0.061808
          52      78.711     78.9718   0.0608305
          53     78.3417     78.9599   0.0608333
          54      78.522     78.9518   0.0602448
          55      78.976     78.9522   0.0591511
          56     80.0467     78.9718   0.0612384
          57     79.1296     78.9745   0.0602266
          58     79.3239     78.9806   0.0594887
          59     79.3692     78.9871   0.0588439
          60     78.5074     78.9792    0.058404
          61     80.7012     79.0074   0.0639061
          62     79.2496     79.0113   0.0629946
          63     79.0848     79.0125   0.0620055
          64      78.839     79.0097   0.0610959
          65      78.256     78.9981   0.0612465
          66     79.0701     78.9992   0.0603282
          67     79.3118     79.0039   0.0596079
          68     79.1226     79.0057   0.0587569
          69     79.9107     79.0188   0.0593514
          70     79.9508     79.0321   0.0599785
          71      78.582     79.0257   0.0594678
          72     79.5481      79.033   0.0590828
          73     78.7076     79.0285   0.0584414
          74     79.7873     79.0388   0.0585441
          75     78.4981     79.0316   0.0582057
          76     79.5339     79.0382   0.0578139
          77     79.0456     79.0383   0.0570632
          78     78.9497     79.0372   0.0563429
          79     78.8471     79.0348    0.055681
          80     78.6262     79.0296   0.0552187
          81     79.3269     79.0333   0.0546588
          82       78.53     79.0272   0.0543359
          83     79.0082     79.0269   0.0536817
          84     79.3244     79.0305   0.0531593
          85     78.4914     79.0241   0.0529109
          86     78.1719     79.0142   0.0532156
          87     79.7074     79.0222    0.053197
          88      79.436     79.0269   0.0527999
          89     78.5792     79.0219   0.0524457
          90     78.8807     79.0203   0.0518864
          91     78.1905     79.0112   0.0521114
          92      78.152     79.0018    0.052375
          93     78.1742     78.9929   0.0525624
          94     78.8236     78.9911   0.0520341
          95     78.9938     78.9912   0.0514864
          96      79.193     78.9933    0.050993
          97     79.9946     79.0036   0.0515015
          98     79.9836     79.0136   0.0519377
          99     78.8029     79.0115   0.0514567
         100     78.4628      79.006   0.0512337
         101     79.6749     79.0126   0.0511528
         102     79.3446     79.0159   0.0507547
         103     78.6774     79.0126   0.0503682
         104     78.9817     79.0123   0.0498848
         105     79.6463     79.0183   0.0497737
         106     79.7749     79.0255   0.0498133
         107      78.882     79.0241   0.0493658
         108     79.2894     79.0266   0.0489698
         109     79.4485     79.0304   0.0486733
         110     78.6089     79.0266   0.0483815
         111     78.8967     79.0254   0.0479598
         112     78.9955     79.0252   0.0475323
         113     79.3026     79.0276    0.047175
         114     78.5995     79.0239   0.0469105
         115     78.3074     79.0176   0.0469144
         116     78.4945     79.0131   0.0467262
         117     79.0951     79.0138   0.0463321
         118     79.9372     79.0217   0.0465955
         119     79.4116     79.0249   0.0463191
         120     79.0483     79.0251   0.0459335
         121     78.0008     79.0167   0.0463273
         122     79.4687     79.0204   0.0460955
         123     79.5768     79.0249   0.0459422
         124     78.8895     79.0238   0.0455847
         125     79.7772     79.0298   0.0456167
         126     78.7799     79.0278   0.0452978
         127     79.3361     79.0303   0.0450061
         128     78.3175     79.0247   0.0449977
         129     78.6312     79.0217   0.0447521
         130     79.0048     79.0215   0.0444081
         131     79.1195     79.0223   0.0440754
         132     78.9936     79.0221    0.043742
         133     79.1414     79.0229   0.0434223
         134     79.1982     79.0243    0.043118
         135     78.6249     79.0213   0.0428999
         136     79.1225      79.022    0.042591
         137     78.4295     79.0177   0.0424991
         138      79.175     79.0189   0.0422064
         139     79.5651     79.0228   0.0420853
         140     79.3186     79.0249   0.0418377
         141     79.1867      79.026   0.0415568
         142     78.6646     79.0235    0.041342
         143     78.1773     79.0176   0.0414742
         144      79.187     79.0188   0.0412029
         145     79.9755     79.0254   0.0414436
         146     78.4968     79.0217   0.0413176
         147     78.7371     79.0198   0.0410819
         148     78.5945     79.0169   0.0409047
         149     79.0303      79.017   0.0406303
         150     79.0997     79.0176   0.0403632
         151     79.0549     79.0178   0.0400966
         152     78.9958     79.0177   0.0398331
         153     79.0847     79.0181   0.0395751
         154      79.002      79.018   0.0393183
         155     79.5534     79.0215   0.0392161
         156      78.616     79.0189   0.0390507
         157     79.5312     79.0221   0.0389381
         158     79.4156     79.0246   0.0387712
         159     78.6776     79.0224   0.0385887
         160     78.5142     79.0193   0.0384781
         161     79.2951      79.021   0.0382772
         162      78.688     79.0189    0.038096
         163     79.3749     79.0211   0.0379249
         164     78.4668     79.0177   0.0378439
         165     79.0752     79.0181   0.0376162
         166     79.2182     79.0193   0.0374089
         167     79.6781     79.0232   0.0373923
         168     79.4102     79.0255   0.0372406
         169     79.3961     79.0277   0.0370847
         170     79.3342     79.0295   0.0369104
         171     79.4221     79.0318   0.0367659
         172     79.4958     79.0345    0.036651
         173     79.8732     79.0394   0.0367583
         174     78.0721     79.0338    0.036965
         175     79.4304     79.0361   0.0368232
         176     78.5895     79.0335   0.0367013
         177     78.6368     79.0313   0.0365623
         178     79.4928     79.0339   0.0364487
         179     78.2844     79.0297   0.0364848
         180     79.2066     79.0307   0.0362954
         181     79.7083     79.0344   0.0362874
         182     78.9178     79.0338   0.0360937
         183     78.4307     79.0305   0.0360466
         184     79.1574     79.0312   0.0358573
         185     78.4828     79.0282   0.0357858
         186     79.3115     79.0297   0.0356258
         187     79.4742     79.0321   0.0355145
         188     78.6378       79.03   0.0353875
         189     79.5928      79.033   0.0353253
         190     78.9924     79.0328     0.03514
         191      78.993     79.0326   0.0349566
         192     79.5633     79.0353   0.0348837
         193     78.6457     79.0333   0.0347613
         194     78.9985     79.0331   0.0345826
         195     80.3771       79.04   0.0350853
         196     78.3009     79.0363   0.0351084
         197      79.389      79.038   0.0349758
         198     79.1558     79.0386   0.0348042
         199     78.2718     79.0348    0.034842
         200     78.3998     79.0316   0.0348122
         201     79.7392     79.0351   0.0348165
         202     79.7086     79.0385   0.0348034
         203     79.8847     79.0426   0.0348807
         204     79.1036     79.0429    0.034711
         205     78.9968     79.0427   0.0345424
         206     79.0971      79.043   0.0343758
         207     78.7829     79.0417   0.0342327
         208     78.8732     79.0409   0.0340777
         209     78.5621     79.0386   0.0339915
         210     79.7071     79.0418   0.0339784
         211     79.2994      79.043   0.0338393
         212     79.0475      79.043   0.0336797
         213     78.7613     79.0417   0.0335475
         214     78.8668     79.0409   0.0334007
         215     78.5923     79.0388   0.0333105
         216     78.2654     79.0352   0.0333481
         217     79.4918     79.0373   0.0332608
         218     79.4419     79.0392   0.0331599
         219     78.6964     79.0376   0.0330454
         220     79.0719     79.0378   0.0328956
         221      79.388     79.0394   0.0327849
         222     78.3248     79.0361   0.0327948
         223      78.558      79.034   0.0327178
         224     78.8052      79.033   0.0325877
         225      79.198     79.0337   0.0324511
         226     79.2067     79.0345   0.0323165
         227     79.1046     79.0348   0.0321756
         228     79.0089     79.0347   0.0320347
         229     78.4236      79.032   0.0320058
         230     79.1671     79.0326    0.031872
         231     78.7824     79.0315   0.0317524
         232     79.7167     79.0345   0.0317526
         233     79.7022     79.0373   0.0317454
         234      78.913     79.0368   0.0316142
         235     79.6278     79.0393   0.0315795
         236     79.6627      79.042    0.031556
         237     79.2007     79.0426     0.03143
         238     79.5106     79.0446   0.0313594
         239     79.6759     79.0472   0.0313392
         240       79.64     79.0497   0.0313058
         241      78.687     79.0482   0.0312121
         242     78.4994     79.0459   0.0311654
         243     78.6612     79.0443   0.0310773
         244     79.0304     79.0443     0.03095
         245     79.6059     79.0466   0.0309084
         246     79.1116     79.0468   0.0307839
         247     78.6324     79.0452    0.030705
         248     78.7878     79.0441   0.0305987
         249     78.8054     79.0432   0.0304908
         250     79.5044      79.045   0.0304246
         251      79.149     79.0454   0.0303062
         252     79.6573     79.0479   0.0302831
         253     78.0749      79.044   0.0304066
         254     78.5771     79.0422   0.0303424
         255     78.7205     79.0409   0.0302496
         256     77.8162     79.0361   0.0305074
         257     79.0597     79.0362   0.0303889
         258      79.123     79.0366   0.0302729
         259     78.0064     79.0326   0.0304162
         260     78.8244     79.0318   0.0303098
         261     78.6472     79.0303   0.0302294
         262     79.1983     79.0309   0.0301208
         263     79.1587     79.0314   0.0300102
         264     79.2876     79.0324   0.0299122
         265     78.3737     79.0299   0.0299025
         266     78.6312     79.0284   0.0298276
         267     79.0837     79.0286   0.0297166
         268     79.3033     79.0297   0.0296234
         269     79.0871     79.0299    0.029514
         270     78.7146     79.0287   0.0294278
         271     78.8845     79.0282    0.029324
         272     79.2007     79.0288   0.0292231
         273     78.5226     79.0269   0.0291748
         274     78.8994     79.0265   0.0290721
         275     78.5656     79.0248   0.0290146
         276     78.6448     79.0234   0.0289421
         277     79.0588     79.0236   0.0288379
         278     79.2225     79.0243   0.0287431
         279      78.807     79.0235   0.0286506
         280     78.7375     79.0225   0.0285665
         281     78.7636     79.0215   0.0284797
         282     78.8182     79.0208   0.0283878
         283     78.9234     79.0205   0.0282896
         284     78.7849     79.0197   0.0282021
         285     79.0011     79.0196   0.0281032
         286     79.7601     79.0222    0.028124
         287     78.5304     79.0205   0.0280782
         288     78.5262     79.0187   0.0280331
         289     78.1766     79.0158   0.0280871
         290      79.098     79.0161   0.0279917
         291     78.5001     79.0143   0.0279516
         292     79.3544     79.0155   0.0278801
         293     78.3169     79.0131   0.0278867
         294     78.9775      79.013   0.0277921
         295     78.2866     79.0105   0.0278068
         296     79.0315     79.0106   0.0277129
         297     78.9814     79.0105   0.0276198
         298      78.079     79.0074   0.0277034
         299      79.243     79.0082    0.027622
         300     78.7724     79.0074   0.0275411
         301     78.8457     79.0069   0.0274548
         302     78.7661     79.0061   0.0273755
         303     79.6455     79.0082   0.0273664
         304     79.2084     79.0088   0.0272843
         305     78.7293     79.0079   0.0272102
         306     78.3575     79.0058   0.0272042
         307     79.3539     79.0069   0.0271392
         308     78.6528     79.0058   0.0270754
         309     78.9126     79.0055   0.0269894
         310     78.9067     79.0051   0.0269043
         311     79.5514     79.0069    0.026875
         312     78.7096     79.0059   0.0268058
         313     79.0587     79.0061   0.0267207
         314     79.2818      79.007     0.02665
         315     78.9702     79.0069   0.0265657
         316     79.6818      79.009   0.0265673
         317     79.1417     79.0094   0.0264868
         318     79.9957     79.0125   0.0265844
         319     78.9558     79.0124   0.0265017
         320     78.7641     79.0116   0.0264302
         321     79.2803     79.0124   0.0263612
         322     79.2624     79.0132   0.0262907
         323     78.7457     79.0124   0.0262224
         324     79.5004     79.0139   0.0261847
         325      79.077     79.0141   0.0261048
         326     78.8208     79.0135   0.0260315
         327     78.7277     79.0126   0.0259665
         328     78.5532     79.0112   0.0259251
         329     78.6607     79.0101   0.0258682
         330     78.8734     79.0097   0.0257931
         331     79.1063       79.01   0.0257168
         332     79.1258     79.0104   0.0256417
         333     78.8374     79.0098     0.02557
         334      78.424     79.0081   0.0255535
         335     78.0472     79.0052   0.0256377
         336      78.829     79.0047   0.0255668
         337     79.3478     79.0057   0.0255112
         338     79.3815     79.0068   0.0254599
         339     78.7878     79.0062    0.025393
         340     78.6348     79.0051   0.0253418
         341     78.7923     79.0045   0.0252752
         342     78.8112     79.0039   0.0252076
         343     79.4363     79.0052   0.0251656
         344     78.9162     79.0049   0.0250938
         345     78.7389     79.0041   0.0250329
         346     78.7588     79.0034   0.0249706
         347     78.6082     79.0023   0.0249246
         348     78.9201      79.002   0.0248541
         349     79.4672     79.0034   0.0248186
         350     78.6975     79.0025    0.024763
         351     78.7515     79.0018   0.0247028
         352     78.7691     79.0011   0.0246415
         353     79.5507     79.0027   0.0246208
         354     78.6449     79.0017    0.024572
         355     78.6639     79.0007   0.0245212
         356     78.1578     78.9984   0.0245663
         357     79.1514     78.9988   0.0245013
         358     79.0482     78.9989   0.0244332
         359     79.1375     78.9993   0.0243682
         360     78.8325     78.9988   0.0243049
         361      79.936     79.0014   0.0243758
         362     78.6966     79.0006    0.024323
         363     79.3415     79.0015   0.0242742
         364      77.941     78.9986   0.0243817
         365     79.1682     78.9991   0.0243193
         366     78.2172      78.997   0.0243465
         367     79.1635     78.9974   0.0242844
         368     79.4295     78.9986   0.0242468
         369     78.9266     78.9984   0.0241819
         370     79.2868     78.9992   0.0241291
         371     77.8633     78.9961   0.0242575
         372      78.631     78.9951   0.0242121
         373     79.3686     78.9961   0.0241679
         374     79.4316     78.9973   0.0241313
         375     79.5441     78.9987    0.024111
         376      78.865     78.9984   0.0240495
         377     79.3855     78.9994   0.0240076
         378     78.3113     78.9976    0.024013
         379     79.1364      78.998   0.0239524
         380     79.3005     78.9988   0.0239026
         381     79.2807     78.9995   0.0238513
         382     79.4408     79.0007   0.0238169
         383     79.2358     79.0013   0.0237626
         384     79.6023     79.0028   0.0237522
         385     79.5233     79.0042    0.023729
         386     79.5582     79.0056   0.0237108
         387     78.0862     79.0032   0.0237683
         388     79.4191     79.0043   0.0237312
         389     79.4199     79.0054   0.0236942
         390     78.8838     79.0051   0.0236355
         391     78.5017     79.0038   0.0236101
         392     79.3495     79.0047   0.0235663
         393     79.1661     79.0051   0.0235099
         394     78.8366     79.0046   0.0234542
         395     79.0586     79.0048   0.0233952
         396      78.999     79.0048   0.0233361
         397     78.8653     79.0044     0.02328
         398     79.7415     79.0063    0.023295
         399     79.1712     79.0067   0.0232403
         400     78.3335      79.005   0.0232431
         401     78.7512     79.0044   0.0231937
         402      79.251      79.005   0.0231441
         403     79.3487     79.0058   0.0231024
         404     78.6006     79.0048    0.023067
         405     79.6103     79.0063   0.0230584
         406     78.8865      79.006   0.0230035
         407     78.8562     79.0057     0.02295
         408     79.9411      79.008   0.0230079
         409     78.4747     79.0067   0.0229886
         410     79.2774     79.0073    0.022942
         411     78.6814     79.0065   0.0228999
         412     79.7389     79.0083   0.0229132
         413     78.6695     79.0075   0.0228724
         414     78.5037     79.0063   0.0228495
         415     79.6658     79.0079   0.0228496
         416     78.8988     79.0076   0.0227962
         417     78.5051     79.0064   0.0227734
         418     78.9208     79.0062   0.0227198
         419     79.4603     79.0073   0.0226914
         420     79.2379     79.0078    0.022644
         421     79.0596     79.0079   0.0225906
         422      79.473      79.009   0.0225639
         423     79.5134     79.0102   0.0225421
         424     79.3752     79.0111   0.0225053
         425     78.2445     79.0093   0.0225245
         426     78.7897     79.0088   0.0224776
         427     78.7422     79.0081   0.0224336
         428     78.6858     79.0074   0.0223938
         429     78.3959      79.006   0.0223869
         430     79.6128     79.0074   0.0223793
         431     79.1571     79.0077   0.0223301
         432     79.3645     79.0086   0.0222937
         433     79.4118     79.0095   0.0222616
         434     78.4881     79.0083   0.0222427
         435     78.2167     79.0065   0.0222659
         436     78.6025     79.0055   0.0222341
         437     79.7738     79.0073   0.0222526
         438     79.2938     79.0079   0.0222114
         439      79.514     79.0091   0.0221907
         440     79.0189     79.0091   0.0221403
         441     78.2413     79.0074   0.0221584
         442     78.2651     79.0057   0.0221718
         443     79.1827     79.0061   0.0221254
         444     79.5931     79.0074    0.022115
         445      79.219     79.0079   0.0220704
         446      79.994     79.0101   0.0221314
         447     79.6818     79.0116   0.0221329
         448     79.3668     79.0124   0.0220977
         449     78.7932     79.0119   0.0220538
         450     78.5578     79.0109   0.0220279
         451     79.4943      79.012   0.0220051
         452     79.1966     79.0124   0.0219602
         453     78.8601     79.0121   0.0219143
         454     78.9028     79.0118   0.0218674
         455     78.3003     79.0102   0.0218752
         456     80.0009     79.0124   0.0219348
         457     78.8952     79.0122   0.0218883
         458     79.0957     79.0123   0.0218413
         459     79.0045     79.0123   0.0217937
         460     78.5225     79.0113   0.0217723
         461     78.9061      79.011   0.0217263
         462     79.3496     79.0118   0.0216916
         463     79.1119      79.012   0.0216458
         464     79.0771     79.0121   0.0215996
         465     78.6395     79.0113   0.0215681
         466     79.1657     79.0117   0.0215243
         467     79.0413     79.0117   0.0214783
         468     78.1432     79.0099   0.0215125
         469     79.5465      79.011    0.021497
         470      78.936     79.0108   0.0214518
         471     79.2874     79.0114   0.0214143
         472     78.2516     79.0098   0.0214294
         473     78.9221     79.0096   0.0213849
         474     77.7608      79.007   0.0215015
         475     78.8491     79.0067   0.0214588
         476     79.9778     79.0087   0.0215105
         477     79.2433     79.0092    0.021471
         478     79.0047     79.0092   0.0214261
         479     78.4374      79.008   0.0214146
         480     78.4763     79.0069   0.0213986
         481     79.3272     79.0076   0.0213645
         482     78.2854     79.0061   0.0213726
         483     79.1882     79.0064   0.0213317
         484      79.314     79.0071   0.0212971
         485     79.4659      79.008   0.0212742
         486      79.099     79.0082   0.0212312
         487     78.5582     79.0073   0.0212077
         488     78.7628     79.0068   0.0211702
         489      79.299     79.0074   0.0211353
         490     78.2085     79.0057    0.021155
         491     79.6923     79.0071    0.021158
         492     78.9224      79.007   0.0211157
         493     79.0859     79.0071   0.0210735
         494     79.0279     79.0072   0.0210309
         495     79.2139     79.0076   0.0209926
         496     78.7721     79.0071   0.0209556
         497     78.3475     79.0058   0.0209554
         498     78.9695     79.0057   0.0209135
         499     78.3267     79.0044   0.0209158
         500     79.1616     79.0047   0.0208763
