#     BLOCK:   ACTUAL_M:     M_AVE:       ERROR:
           1   0.0288356   0.0288356           0
           2  -0.0229481  0.00294379   0.0183083
           3   0.0642397   0.0233758   0.0206709
           4    0.036459   0.0266466   0.0157598
           5   0.0229227   0.0259018   0.0126254
           6  0.00163076   0.0218566   0.0111504
           7   0.0373605   0.0240715    0.009775
           8   0.0146444   0.0228931  0.00862386
           9  0.00633032   0.0210528  0.00785956
          10  -0.0163267   0.0173148   0.0079127
          11    0.013265   0.0169467  0.00720193
          12   0.0797284   0.0221785  0.00828699
          13   0.0085388   0.0211293  0.00771566
          14  -0.0538161    0.015776  0.00882841
          15   0.0265467   0.0164941    0.008269
          16  -0.0146383   0.0145483  0.00797783
          17  0.00936232   0.0142432  0.00751438
          18  0.00414448   0.0136822  0.00711783
          19   0.0628335   0.0162691  0.00719796
          20  -0.0628499   0.0123132  0.00785024
          21 -0.00118862   0.0116702   0.0075027
          22   0.0506475   0.0134419  0.00736788
          23   0.0440999   0.0147749   0.0071671
          24   0.0039065    0.014322  0.00688276
          25  -0.0105198   0.0133283   0.0066788
          26  0.00166194   0.0128796  0.00643698
          27 -0.00282486    0.012298  0.00622479
          28   0.0643983   0.0141587  0.00627442
          29   0.0140796    0.014156  0.00605806
          30  -0.0434371   0.0122362   0.0061528
          31 -0.00384264   0.0117175  0.00597614
          32   0.0203686   0.0119879   0.0057955
          33  -0.0639439  0.00968692  0.00605946
          34    0.050794    0.010896  0.00600064
          35   0.0186259   0.0111168  0.00583326
          36 -0.00174946   0.0107594  0.00568216
          37   0.0333721   0.0113706  0.00556136
          38  0.00845124   0.0112937  0.00541554
          39    0.005828   0.0111536  0.00527849
          40  -0.0485064   0.0096621   0.0053531
          41 -0.00474268  0.00931076  0.00523406
          42    0.015248  0.00945212  0.00511135
          43  -0.0126578  0.00893794  0.00501827
          44  -0.0357371   0.0079226  0.00500588
          45  0.00058444  0.00775953   0.0048973
          46  -0.0125055  0.00731898  0.00481061
          47  -0.0502008  0.00609516  0.00486144
          48  -0.0239448  0.00546933  0.00480027
          49  -0.0666087  0.00399835  0.00492253
          50   -0.019336  0.00353166  0.00484615
          51  -0.0222553  0.00302603  0.00477743
          52  0.00692182  0.00310095  0.00468615
          53  -0.0235356  0.00259837   0.0046246
          54   0.0210167  0.00293945  0.00455152
          55   7.452e-05  0.00288737  0.00446906
          56  0.00322624  0.00289342  0.00438926
          57   -0.032052  0.00228034  0.00435486
          58  -0.0213718  0.00187254  0.00429883
          59 -0.00691782  0.00172355  0.00422855
          60   0.0455201   0.0024535  0.00422061
          61   0.0259477  0.00283865  0.00416895
          62  -0.0170158  0.00251841  0.00411399
          63   0.0517689  0.00330017   0.0041223
          64  -0.0339549  0.00271806  0.00409878
          65  -0.0205382  0.00236027  0.00405131
          66  -0.0037567  0.00226759  0.00399098
          67  -0.0152875  0.00200557  0.00394001
          68 -0.00929126  0.00183944  0.00388557
          69  -0.0452144   0.0011575  0.00388864
          70  -0.0187436 0.000873201  0.00384346
          71   -0.021295 0.000560973  0.00380199
          72   -0.009251 0.000424696  0.00375163
          73  -0.0197517 0.000148307   0.0037104
          74  -0.0248425-0.000189407   0.0036756
          75  -0.0197004-0.000449553  0.00363579
          76   0.0527826  0.00025087  0.00365479
          77   0.0152434 0.000445578  0.00361251
          78  -0.0190162 0.000196067   0.0035748
          79  -0.0039143 0.000144037  0.00352993
          80  -0.0116716-3.65775e-06  0.00348889
          81  -0.0604447-0.000749844  0.00352471
          82   -0.037026 -0.00119224  0.00350938
          83 -0.00341178 -0.00121898   0.0034672
          84   0.0164415 -0.00100873  0.00343229
          85  -0.0901289 -0.00205721  0.00354844
          86  0.00012384 -0.00203185  0.00350727
          87   0.0522901 -0.00140746   0.0035221
          88   -0.077046 -0.00226698  0.00358542
          89   0.0172029 -0.00204822   0.0035518
          90  -0.0003712 -0.00202959  0.00351239
          91   0.0240718 -0.00174276  0.00348548
          92 -0.00535902 -0.00178207  0.00344782
          93  -0.0307103 -0.00209312  0.00342475
          94  -0.0453894 -0.00255372  0.00341915
          95   0.0322704 -0.00218715  0.00340275
          96  -0.0616091 -0.00280613  0.00342314
          97  -0.0340692 -0.00312843  0.00340299
          98  -0.0519439 -0.00362655  0.00340452
          99  -0.0215991 -0.00380809  0.00337497
         100  -0.0057209 -0.00382722  0.00334128
         101   0.0103281 -0.00368707  0.00331113
         102   0.0683888 -0.00298044  0.00335322
         103   0.0609735 -0.00235953  0.00337766
         104   0.0291474 -0.00205658  0.00335875
         105   0.0733307  -0.0013386  0.00340263
         106  -0.0110685  -0.0014304  0.00337177
         107   0.0356861 -0.00108351  0.00335805
         108  -0.0317003   -0.001367   0.0033389
         109  -0.0647497 -0.00194849  0.00335853
         110   0.0366818 -0.00159731   0.0033463
         111   0.0494857  -0.0011371  0.00334765
         112  -0.0194778 -0.00130086  0.00332177
         113   0.0600685-0.000757766  0.00333647
         114  -0.0098898-0.000837872  0.00330817
         115   -0.050377 -0.00126865  0.00330733
         116   0.0188948 -0.00109482  0.00328338
         117  -0.0362192 -0.00139503  0.00326901
         118  -0.0177986 -0.00153405  0.00324426
         119  -0.0175233 -0.00166841  0.00321978
         120  -0.0268729 -0.00187845  0.00319979
         121  -0.0388154 -0.00218371  0.00318788
         122  -0.0599331 -0.00265707   0.0031967
         123   0.0284445 -0.00240421  0.00318069
         124   0.0281222 -0.00215803  0.00316455
         125   0.0280274 -0.00191654  0.00314844
         126   0.0618692 -0.00141031  0.00316389
         127  -0.0401443  -0.0017153  0.00315364
         128  -0.0445015 -0.00204957  0.00314667
         129    0.053719 -0.00161725  0.00315183
         130 -0.00277758 -0.00162618   0.0031276
         131   0.0229536 -0.00143855  0.00310935
         132   0.0140766 -0.00132101  0.00308801
         133   0.0221707 -0.00114438  0.00306984
         134   0.0330803-0.000888971  0.00305754
         135   0.0466489-0.000536838   0.0030551
         136   0.0263566-0.000339092  0.00303903
         137   0.0092297-0.000269247  0.00301765
         138    0.060601 0.000171841  0.00302785
         139   0.0477256 0.000513955  0.00302533
         140   0.0511364 0.000875544  0.00302525
         141   0.0132607 0.000963382  0.00300507
         142  -0.0463546 0.000630156  0.00300233
         143  -0.0743925 0.000105522  0.00302682
         144  -0.0538416-0.000269111   0.0030289
         145  -0.0313184-0.000483244  0.00301557
         146   0.0286098-0.000283976  0.00300149
         147   0.0166991-0.000168445   0.0029833
         148   0.0128542-8.04538e-05  0.00296444
         149  0.00279924 -6.1127e-05   0.0029446
         150  -0.0531808-0.000415258  0.00294619
         151  -0.0353335-0.000646504  0.00293574
         152  -0.0284486-0.000829413  0.00292212
         153   0.0661993-0.000391316  0.00293568
         154  -0.0212685-0.000526882  0.00291974
         155   0.0172303 -0.00041232  0.00290315
         156   0.0250546 -0.00024907  0.00288913
         157  0.00314694 -0.00022744  0.00287081
         158  -0.0496249-0.000540082  0.00286961
         159  -0.0105737-0.000603186  0.00285226
         160  -0.0695301 -0.00103398  0.00286678
         161  -0.0402599 -0.00127762  0.00285931
         162  -0.0046652 -0.00129853  0.00284173
         163   0.0465533 -0.00100496  0.00283942
         164  -0.0170273 -0.00110266  0.00282379
         165   0.0384406-0.000863002  0.00281683
         166   0.0172065-0.000754149  0.00280196
         167    0.023348-0.000609825   0.0027889
         168  -0.0079542-0.000653542  0.00277264
         169   0.0309876-0.000466316  0.00276255
         170  -0.0229889-0.000598802  0.00274947
         171   0.0433027-0.000342068  0.00274535
         172    0.018683-0.000231457  0.00273162
         173  -0.0200537-0.000346037  0.00271823
         174    0.051169-4.99734e-05  0.00271869
         175 -0.00301768-6.69318e-05   0.0027032
         176 -0.00945814-0.000120291  0.00268837
         177  -0.0022267-0.000132192  0.00267321
         178 -0.00850242-0.000179215   0.0026586
         179  -0.0182202-0.000280003  0.00264566
         180   0.0278697-0.000123616  0.00263558
         181   0.0016497-0.000113818  0.00262104
         182  -0.0104437-0.000170576  0.00260725
         183   0.0160356-8.20175e-05  0.00259451
         184   -0.028734-0.000237735  0.00258508
         185   0.0427982-5.10843e-06  0.00258155
         186 -0.00750896-4.54517e-05  0.00256798
         187  -0.0384085-0.000250602  0.00256243
         188   0.0436829-1.69132e-05  0.00255944
         189   0.0201659 8.98742e-05  0.00254812
         190   -0.023701-3.53407e-05  0.00253778
         191 -0.00854052-7.98705e-05  0.00252489
         192   0.0423491 0.000141114  0.00252139
         193  -0.0392087-6.27712e-05  0.00251656
         194   -0.026356-0.000198303  0.00250723
         195  -0.0296784-0.000349483  0.00249893
         196  0.00199638-0.000337514  0.00248621
         197   0.0090948-0.000289635  0.00247405
         198   0.0420083-7.60086e-05  0.00247076
         199  -0.0676393-0.000415523  0.00248156
         200  0.00196974-0.000403597  0.00246918
         201  0.00828138-0.000360388  0.00245727
         202  0.00090624-0.000354117  0.00244512
         203    0.051449-9.89294e-05  0.00244635
         204 -0.00962296-0.000145616  0.00243481
         205   0.0261284-1.74499e-05   0.0024263
         206  -0.0157011 -9.3584e-05  0.00241572
         207  0.00337374-7.68336e-05   0.0024041
         208   0.0092859-3.18205e-05  0.00239297
         209   0.0313654 0.000118405  0.00238623
         210  -0.0537486-0.000138104  0.00238861
         211   0.0307836 8.44455e-06  0.00238178
         212  -0.0220198-9.54622e-05  0.00237281
         213  -0.0338052-0.000253724  0.00236694
         214   0.0353395-8.74005e-05  0.00236172
         215  -0.0507242 -0.00032292  0.00236245
         216  -0.0531868 -0.00056766  0.00236416
         217  -0.0362263-0.000731986  0.00235897
         218   0.0230044-0.000623103  0.00235066
         219   0.0212119  -0.0005234  0.00234204
         220   -0.048854-0.000743085  0.00234167
         221 -0.00343552-0.000755268  0.00233111
         222   0.0501024-0.000526179  0.00233184
         223   0.0416774-0.000336925  0.00232905
         224  0.00859606-0.000297046  0.00231899
         225  -0.0666821-0.000592091  0.00232738
         226 -0.00517614-0.000612374  0.00231717
         227  -0.0433025-0.000800436  0.00231458
         228  -0.0184111-0.000877676  0.00230572
         229  0.00111948-0.000868955  0.00229566
         230   0.0134709-0.000806608  0.00228653
         231  -0.0222709-0.000899527  0.00227852
         232   0.0720025-0.000585294  0.00229026
         233   0.0148036-0.000519247  0.00228138
         234  -0.0108467-0.000563382  0.00227206
         235  0.00393246 -0.00054425  0.00226247
         236  -0.0265967-0.000654642  0.00225558
         237 -0.00481652-0.000672203  0.00224613
         238  -0.0127569-0.000722979  0.00223727
         239  -0.0538652-0.000945331  0.00223893
         240  0.00360168-0.000926385  0.00222968
         241   -0.110369  -0.0013805   0.0022662
         242  -0.0249384 -0.00147785  0.00225893
         243     2.4e-07 -0.00147177  0.00224964
         244  -0.0250206 -0.00156828  0.00224249
         245   0.0143743 -0.00150321  0.00223428
         246   0.0216769 -0.00140898  0.00222718
         247  -0.0576904 -0.00163684  0.00222979
         248 -0.00229088 -0.00163948   0.0022208
         249   0.0679318 -0.00136008  0.00222939
         250 -0.00454816 -0.00137283  0.00222051
         251  -0.0613143 -0.00161164  0.00222447
         252   0.0292512 -0.00148917  0.00221901
         253  -0.0248572 -0.00158153  0.00221216
         254  0.00998238   -0.001536  0.00220392
         255  -0.0302593 -0.00164864  0.00219815
         256   0.0435746 -0.00147199  0.00219665
         257 -0.00688628 -0.00149306  0.00218821
         258 -0.00158054  -0.0014934  0.00217972
         259 -0.00346156   -0.001501  0.00217132
         260  -0.0162999 -0.00155791  0.00216372
         261  -0.0954829 -0.00191778  0.00218515
         262  -0.0471079 -0.00209026   0.0021836
         263  -0.0580069 -0.00230287  0.00218563
         264  -0.0214782 -0.00237551  0.00217855
         265  0.00881134 -0.00233329  0.00217074
         266   -0.019024 -0.00239604  0.00216349
         267   0.0084788 -0.00235531  0.00215577
         268  -0.0288037   -0.002454  0.00214998
         269   0.0008253 -0.00244181  0.00214203
         270  -0.0207683 -0.00250968  0.00213517
         271     0.01832 -0.00243282  0.00212867
         272  -0.0100966   -0.002461  0.00212103
         273   0.0374553 -0.00231478   0.0021183
         274 -0.00471898 -0.00232356  0.00211058
         275 -0.00194638 -0.00232219  0.00210291
         276  -0.0586029  -0.0025261  0.00210515
         277    0.012518 -0.00247179  0.00209825
         278  -0.0101921 -0.00249956  0.00209089
         279  0.00994538 -0.00245496  0.00208387
         280  -0.0312601 -0.00255783  0.00207897
         281   0.0116899 -0.00250713  0.00207219
         282  -0.0509674 -0.00267897  0.00207195
         283   0.0522773 -0.00248478  0.00207371
         284  0.00232844 -0.00246783  0.00206648
         285  -0.0255961 -0.00254898  0.00206082
         286  -0.0221832 -0.00261764  0.00205476
         287   0.0195036 -0.00254056  0.00204904
         288   0.0915397 -0.00221389   0.0020678
         289   0.0264931 -0.00211456  0.00206303
         290   0.0402354 -0.00196852  0.00206108
         291   0.0467175 -0.00180122  0.00206078
         292   0.0335143 -0.00168027  0.00205727
         293  0.00055524 -0.00167265  0.00205026
         294  -0.0363132 -0.00179047  0.00204667
         295  -0.0106253 -0.00182042  0.00203995
         296  0.00204496 -0.00180736   0.0020331
         297   0.0515603 -0.00162767  0.00203418
         298  -0.0287234  -0.0017186  0.00202938
         299  -0.0139223 -0.00175941  0.00202301
         300  -0.0379997 -0.00188021  0.00201987
         301   0.0664159 -0.00165332  0.00202586
         302  -0.0393696  -0.0017782    0.002023
         303  -0.0177722 -0.00183099  0.00201701
         304  -0.0038345 -0.00183758  0.00201039
         305  0.00781206 -0.00180594  0.00200404
         306  -0.0384509  -0.0019257  0.00200107
         307  -0.0401797  -0.0020503  0.00199843
         308  -0.0362129 -0.00216122  0.00199501
         309  -0.0317805 -0.00225707  0.00199086
         310  -0.0190992  -0.0023114  0.00198518
         311  0.00572718 -0.00228556  0.00197896
         312   0.0362358 -0.00216209  0.00197647
         313   -0.056532  -0.0023358  0.00197777
         314  -0.0420924 -0.00246241  0.00197552
         315  -0.0840726 -0.00272149  0.00198617
         316   0.0170697 -0.00265886  0.00198087
         317  -0.0251145  -0.0027297  0.00197589
         318  -0.0134828 -0.00276351  0.00196996
         319  -0.0473139 -0.00290317  0.00196873
         320   0.0134628 -0.00285202  0.00196324
         321 -0.00461822 -0.00285753  0.00195713
         322  -0.0277989 -0.00293498  0.00195259
         323  -0.0100145  -0.0029569  0.00194667
         324   0.0049814  -0.0029324  0.00194081
         325   0.0181621  -0.0028675  0.00193593
         326   0.0001588 -0.00285821  0.00193001
         327 -0.00465612 -0.00286371  0.00192411
         328  -0.0683609  -0.0030634  0.00192858
         329  0.00452944 -0.00304032  0.00192286
         330  0.00510628 -0.00301563  0.00191719
         331   0.0384155 -0.00289046  0.00191548
         332  -0.0146003 -0.00292573  0.00191004
         333   0.0124244 -0.00287964  0.00190486
         334    0.031961 -0.00277532  0.00190201
         335  0.00573968 -0.00274991   0.0018965
         336   0.0115577 -0.00270732  0.00189133
         337  -0.0192984 -0.00275655  0.00188636
         338   0.0088249 -0.00272229  0.00188109
         339  -0.0289833 -0.00279976  0.00187714
         340  -0.0248255 -0.00286454  0.00187273
         341   0.0171028 -0.00280598  0.00186816
         342    0.055767 -0.00263472  0.00187053
         343   0.0195476 -0.00257005  0.00186619
         344  -0.0585095 -0.00273266  0.00186784
         345   0.0297912 -0.00263839   0.0018648
         346   0.0448052 -0.00250127  0.00186445
         347   0.0378396 -0.00238501  0.00186269
         348  -0.0112969 -0.00241062  0.00185752
         349   0.0095447 -0.00237636  0.00185251
         350 -0.00060258  -0.0023713  0.00184723
         351  -0.0276834 -0.00244341  0.00184337
         352  -0.0511117 -0.00258167  0.00184331
         353  -0.0348733 -0.00267315  0.00184036
         354  -0.0549511 -0.00282083  0.00184107
         355   0.0163014 -0.00276696  0.00183668
         356  -0.0269612 -0.00283492  0.00183277
         357   0.0105314 -0.00279748  0.00182802
         358   0.0458885 -0.00266149  0.00182797
         359 -0.00547588 -0.00266933  0.00182289
         360   0.0363492 -0.00256094  0.00182105
         361  0.00869152 -0.00252977  0.00181627
         362    0.031345  -0.0024362  0.00181366
         363   -0.038292 -0.00253497  0.00181135
         364  0.00226554 -0.00252179  0.00180643
         365    -0.05811 -0.00267408  0.00180789
         366  -0.0146339 -0.00270676  0.00180324
         367  -0.0608393 -0.00286516  0.00180527
         368   0.0371188 -0.00275651  0.00180363
         369  -0.0459293 -0.00287351  0.00180254
         370   0.0385185 -0.00276164  0.00180113
         371  -0.0297039 -0.00283426  0.00179774
         372   0.0574241 -0.00267227  0.00180019
         373   0.0087975 -0.00264152  0.00179563
         374   0.0323619 -0.00254793  0.00179326
         375   0.0551116 -0.00239417  0.00179506
         376  -0.0141112 -0.00242533  0.00179056
         377   0.0198455 -0.00236626  0.00178678
         378  -0.0301208 -0.00243968  0.00178356
         379  0.00362432 -0.00242368  0.00177893
         380 -0.00225234 -0.00242323  0.00177425
         381  -0.0158502 -0.00245847  0.00176994
         382  -0.0439965 -0.00256721  0.00176864
         383  -0.0109393 -0.00258907  0.00176416
         384  0.00698096 -0.00256415  0.00175974
         385  0.00881086  -0.0025346  0.00175542
         386  -0.0198489 -0.00257946  0.00175145
         387  -0.0514919 -0.00270585  0.00175147
         388   0.0167373 -0.00265574  0.00174768
         389   0.0100124 -0.00262317  0.00174349
         390   0.0550761 -0.00247522  0.00174528
         391   0.0271462 -0.00239947  0.00174246
         392   0.0321897 -0.00231123  0.00174025
         393   0.0032142 -0.00229717  0.00173588
         394  -0.0220176 -0.00234722   0.0017322
         395   0.0207125 -0.00228884  0.00172879
         396  -0.0160659 -0.00232363  0.00172478
         397  -0.0155998 -0.00235707  0.00172076
         398  -0.0266876 -0.00241821  0.00171752
         399   0.0565696 -0.00227037  0.00171957
         400  -0.0226058  -0.0023212  0.00171602
         401   0.0276242 -0.00224653  0.00171336
         402  0.00209444 -0.00223573  0.00170913
         403   0.0397789 -0.00213147  0.00170807
         404   0.0544406 -0.00199145  0.00170957
         405   0.0392752 -0.00188955  0.00170839
         406   0.0038309 -0.00187546  0.00170424
         407  0.00670116 -0.00185439  0.00170018
         408  -0.0178496 -0.00189359  0.00169646
         409  0.00927996 -0.00186627  0.00169254
         410   0.0284441 -0.00179235  0.00169002
         411  0.00883282 -0.00176649  0.00168611
         412  -0.0324345 -0.00184093  0.00168366
         413  0.00292678 -0.00182939  0.00167962
         414   -9.77e-05  -0.0018252  0.00167557
         415   0.0287399 -0.00175155  0.00167315
         416 -0.00597524 -0.00176171  0.00166916
         417  -0.0285477 -0.00182594  0.00166639
         418  -0.0424436 -0.00192311  0.00166523
         419  0.00505214 -0.00190647  0.00166134
         420   0.0371657 -0.00181344  0.00165999
         421 -0.00208376 -0.00181408  0.00165605
         422   0.0100277 -0.00178602  0.00165236
         423   0.0132294 -0.00175052  0.00164884
         424  -0.0122588  -0.0017753  0.00164513
         425  -0.0243075 -0.00182832  0.00164212
         426  -0.0127027 -0.00185385  0.00163846
         427  -0.0509056 -0.00196872  0.00163864
         428  -0.0737057 -0.00213633  0.00164337
         429   -0.118893 -0.00240849  0.00166192
         430   0.0140308 -0.00237026  0.00165849
         431  -0.0198878 -0.00241091  0.00165514
         432  -0.0297517  -0.0024742  0.00165252
         433  0.00823248 -0.00244947  0.00164889
         434  0.00350208 -0.00243576  0.00164515
         435   0.0297357  -0.0023618  0.00164303
         436  -0.0325677 -0.00243108  0.00164072
         437   0.0151978 -0.00239074  0.00163746
         438  -0.0345092 -0.00246407  0.00163536
         439   0.0629115 -0.00231515   0.0016384
         440  -0.0184057 -0.00235172  0.00163509
         441  -0.0186413 -0.00238866   0.0016318
         442 -0.00639666 -0.00239772  0.00162813
         443  -0.0375744 -0.00247713  0.00162639
         444  -0.0258408 -0.00252975  0.00162358
         445  -0.0204245 -0.00256996  0.00162043
         446  -0.0695976 -0.00272025  0.00162375
         447  0.00759724 -0.00269717  0.00162028
         448 -0.00824742 -0.00270956  0.00161671
         449  -0.0639134 -0.00284587  0.00161885
         450  0.00313578 -0.00283258   0.0016153
         451    0.022278  -0.0027769  0.00161268
         452   -0.025125 -0.00282634  0.00160987
         453  -0.0066074 -0.00283469  0.00160634
         454  -0.0134159 -0.00285799  0.00160297
         455   0.0333226 -0.00277848  0.00160142
         456  -0.0392422 -0.00285844   0.0015999
         457   0.0283006 -0.00279026  0.00159785
         458   0.0293932 -0.00271999  0.00159591
         459   0.0226221 -0.00266478  0.00159339
         460  -0.0104807 -0.00268177  0.00159001
         461  -0.0111152 -0.00270006  0.00158667
         462   0.0202719 -0.00265034  0.00158401
         463  -0.0122652 -0.00267111  0.00158073
         464  0.00184088 -0.00266138  0.00157735
         465  -0.0773931  -0.0028221  0.00158213
         466   0.0055821 -0.00280406  0.00157883
         467 -0.00913494 -0.00281762  0.00157551
         468  -0.0445117 -0.00290671  0.00157466
         469  0.00105062 -0.00289827  0.00157133
         470 -0.00898854 -0.00291123  0.00156804
         471   -0.013688 -0.00293411  0.00156488
         472   0.0367894 -0.00284995  0.00156382
         473  0.00454904 -0.00283431  0.00156059
         474  -0.0753379 -0.00298727  0.00156478
         475   0.0056764 -0.00296903  0.00156159
         476 -0.00561942  -0.0029746  0.00155832
         477  -0.0181606 -0.00300643  0.00155538
         478  0.00072946 -0.00299862  0.00155214
         479   0.0252191 -0.00293971  0.00155002
         480  -0.0136665 -0.00296205  0.00154695
         481  -0.0221698 -0.00300199  0.00154425
         482   0.0491746 -0.00289374  0.00154484
         483  -0.0417623 -0.00297421  0.00154373
         484   -0.063963 -0.00310022  0.00154568
         485  0.00948248 -0.00307428  0.00154271
         486   0.0684226 -0.00292716  0.00154653
         487 -0.00550736 -0.00293246  0.00154337
         488   0.0397009  -0.0028451  0.00154268
         489  -0.0534482 -0.00294858  0.00154299
         490 -0.00493408 -0.00295263  0.00153984
         491  -0.0634096 -0.00307576  0.00154162
         492  -0.0412958 -0.00315345  0.00154045
         493 -0.00015232 -0.00314736  0.00153733
         494  -0.0216951  -0.0031849  0.00153468
         495   0.0409961 -0.00309565  0.00153417
         496  -0.0150206 -0.00311969  0.00153127
         497  0.00871334 -0.00309588  0.00152837
         498  -0.0223778  -0.0031346  0.00152579
         499   0.0721373 -0.00298376  0.00153017
         500  -0.0158819 -0.00300955  0.00152733
