#     BLOCK:   ACTUAL_CV:    CV_AVE:      ERROR:
           1     0.32663     0.32663           0
           2    0.332138    0.329384  0.00194723
           3    0.324634      0.3278  0.00183207
           4    0.332358     0.32894  0.00169162
           5    0.327109    0.328574  0.00139235
           6    0.335147    0.329669  0.00153179
           7    0.330656     0.32981  0.00131944
           8    0.332515    0.330148  0.00119706
           9    0.333345    0.330503  0.00111551
          10    0.323138    0.329767  0.00122319
          11    0.327056     0.32952  0.00113655
          12    0.325224    0.329162  0.00109679
          13    0.331149    0.329315  0.00102301
          14    0.327137     0.32916 0.000961701
          15    0.334861     0.32954 0.000969802
          16    0.329933    0.329564 0.000909501
          17    0.325466    0.329323  0.00088737
          18    0.327171    0.329204 0.000846088
          19    0.333484    0.329429 0.000831013
          20    0.330883    0.329502 0.000792634
          21    0.327947    0.329428 0.000758337
          22    0.335801    0.329717 0.000777239
          23    0.327956    0.329641 0.000747211
          24    0.332018     0.32974 0.000722613
          25    0.329721    0.329739 0.000693709
          26    0.333604    0.329888 0.000682766
          27    0.327848    0.329812 0.000661643
          28    0.330089    0.329822 0.000638086
          29    0.328465    0.329775 0.000617798
          30    0.323208    0.329556 0.000634804
          31    0.329851    0.329566 0.000614398
          32    0.324584     0.32941 0.000614606
          33    0.331531    0.329474 0.000599334
          34    0.330722    0.329511 0.000582829
          35    0.330555    0.329541 0.000566939
          36    0.329401    0.329537 0.000551204
          37    0.335068    0.329687  0.00055621
          38    0.330701    0.329713 0.000542213
          39    0.330099    0.329723   0.0005284
          40    0.324698    0.329598 0.000529917
          41    0.330505     0.32962 0.000517455
          42    0.327627    0.329572 0.000507304
          43    0.332732    0.329646 0.000500799
          44    0.333693    0.329738 0.000497795
          45    0.335079    0.329856 0.000500683
          46    0.326412    0.329782 0.000495365
          47    0.332546     0.32984 0.000488305
          48    0.331643    0.329878 0.000479574
          49    0.328971    0.329859 0.000470145
          50    0.324756    0.329757  0.00047169
          51    0.331478    0.329791 0.000463646
          52     0.33002    0.329795 0.000454751
          53    0.332518    0.329847 0.000449063
          54    0.329752    0.329845  0.00044075
          55    0.331428    0.329874 0.000433676
          56    0.333032     0.32993 0.000429582
          57     0.33284    0.329981 0.000425068
          58    0.324171    0.329881 0.000429381
          59    0.329014    0.329866 0.000422355
          60    0.332278    0.329907 0.000417223
          61    0.331587    0.329934 0.000411291
          62    0.330235    0.329939 0.000404686
          63    0.323852    0.329842 0.000409634
          64    0.330928    0.329859 0.000403585
          65    0.327897    0.329829 0.000398504
          66    0.331358    0.329852 0.000393138
          67    0.328634    0.329834 0.000387691
          68    0.324614    0.329757 0.000389517
          69    0.328945    0.329746  0.00038405
          70    0.326816    0.329704 0.000380837
          71    0.327207    0.329669 0.000377093
          72    0.328766    0.329656 0.000372064
          73    0.330234    0.329664 0.000367051
          74    0.327084    0.329629 0.000363743
          75    0.328887    0.329619 0.000359028
          76     0.32304    0.329533  0.00036459
          77    0.324486    0.329467 0.000365698
          78    0.326809    0.329433 0.000362595
          79    0.327848    0.329413 0.000358559
          80    0.324589    0.329353 0.000359112
          81    0.328084    0.329337  0.00035502
          82    0.330682    0.329353 0.000351069
          83    0.330396    0.329366 0.000347064
          84    0.328754    0.329359 0.000343008
          85    0.333827    0.329411 0.000342978
          86    0.329533    0.329413 0.000338993
          87     0.32754    0.329391 0.000335779
          88    0.333651     0.32944 0.000335435
          89    0.331239     0.32946 0.000332274
          90     0.33163    0.329484 0.000329457
          91    0.329577    0.329485 0.000325838
          92    0.329102    0.329481 0.000322323
          93    0.332373    0.329512 0.000320354
          94    0.327558    0.329491 0.000317619
          95    0.335408    0.329553 0.000320325
          96    0.332172    0.329581 0.000318148
          97    0.325953    0.329543 0.000317058
          98     0.33338    0.329582 0.000316231
          99    0.323249    0.329518 0.000319442
         100    0.329308    0.329516 0.000316254
         101    0.326298    0.329484 0.000314724
         102    0.330012     0.32949 0.000311681
         103    0.332423    0.329518 0.000309954
         104     0.32617    0.329486 0.000308641
         105     0.33272    0.329517 0.000307235
         106    0.332237    0.329542 0.000305407
         107    0.325887    0.329508 0.000304457
         108    0.327563     0.32949  0.00030217
         109    0.327977    0.329476 0.000299716
         110    0.327612    0.329459  0.00029747
         111    0.329952    0.329464 0.000294823
         112      0.3333    0.329498 0.000294174
         113    0.331398    0.329515  0.00029205
         114    0.328018    0.329502 0.000289784
         115    0.333396    0.329536 0.000289235
         116    0.331412    0.329552 0.000287194
         117    0.338211    0.329626 0.000294121
         118    0.325353     0.32959 0.000293849
         119    0.332784    0.329616 0.000292603
         120    0.326936    0.329594 0.000291016
         121    0.329955    0.329597 0.000288627
         122    0.328935    0.329592 0.000286312
         123    0.325229    0.329556 0.000286173
         124    0.331318     0.32957 0.000284217
         125    0.326317    0.329544 0.000283133
         126    0.325652    0.329513 0.000282566
         127    0.326898    0.329493 0.000281091
         128    0.327137    0.329474 0.000279497
         129    0.327022    0.329455 0.000277976
         130    0.324884     0.32942 0.000278053
         131    0.328898    0.329416 0.000275959
         132    0.326265    0.329392 0.000274899
         133    0.328547    0.329386 0.000272906
         134    0.331529    0.329402 0.000271337
         135    0.329984    0.329406 0.000269362
         136      0.3241    0.329367 0.000270192
         137    0.324039    0.329328 0.000271005
         138     0.32209    0.329276  0.00027407
         139     0.33318    0.329304 0.000273534
         140    0.330186     0.32931 0.000271652
         141    0.329507    0.329312 0.000269729
         142    0.334429    0.329348 0.000270226
         143    0.334412    0.329383 0.000270647
         144    0.331863      0.3294 0.000269315
         145    0.321502    0.329346 0.000272911
         146    0.328945    0.329343 0.000271056
         147    0.328996    0.329341 0.000269222
         148    0.326573    0.329322 0.000268052
         149    0.331805    0.329339  0.00026677
         150    0.328459    0.329333 0.000265056
         151    0.327818    0.329323 0.000263491
         152    0.326911    0.329307 0.000262234
         153    0.330879    0.329317 0.000260722
         154    0.327857    0.329308 0.000259201
         155    0.330108    0.329313  0.00025758
         156    0.328362    0.329307 0.000256001
         157    0.329111    0.329306 0.000254374
         158    0.326262    0.329286 0.000253492
         159    0.328761    0.329283 0.000251919
         160    0.326418    0.329265  0.00025098
         161    0.328737    0.329262 0.000249443
         162    0.330578     0.32927 0.000248035
         163    0.330116    0.329275 0.000246568
         164     0.32459    0.329247 0.000246714
         165     0.32304    0.329209 0.000248069
         166    0.330652    0.329218 0.000246727
         167    0.325355    0.329195 0.000246332
         168    0.329536    0.329197 0.000244874
         169    0.332441    0.329216 0.000244176
         170    0.333639    0.329242 0.000244122
         171    0.328622    0.329238 0.000242721
         172    0.334041    0.329266 0.000242911
         173     0.33023    0.329272 0.000241571
         174    0.331332    0.329284 0.000240473
         175    0.325973    0.329265 0.000239841
         176    0.327771    0.329256 0.000238629
         177    0.330751    0.329265  0.00023743
         178     0.33295    0.329285 0.000236997
         179    0.327644    0.329276  0.00023585
         180    0.331445    0.329288 0.000234848
         181    0.328959    0.329286 0.000233557
         182     0.33094    0.329295 0.000232451
         183    0.334045    0.329321 0.000232625
         184    0.326359    0.329305 0.000231917
         185    0.325594    0.329285  0.00023153
         186    0.328854    0.329283 0.000230297
         187     0.33182    0.329297 0.000229464
         188    0.328287    0.329291 0.000228306
         189    0.334479    0.329319 0.000228743
         190    0.327675     0.32931 0.000227702
         191     0.32666    0.329296 0.000226932
         192    0.328742    0.329293 0.000225769
         193      0.3323    0.329309 0.000225136
         194    0.327839    0.329301 0.000224103
         195    0.327228    0.329291 0.000223205
         196    0.329639    0.329292 0.000222074
         197    0.333634    0.329314 0.000222037
         198     0.33342    0.329335 0.000221882
         199    0.331857    0.329348 0.000221129
         200    0.331732     0.32936 0.000220344
         201    0.332449    0.329375 0.000219783
         202    0.328874    0.329373 0.000218709
         203    0.325498    0.329354 0.000218463
         204    0.331841    0.329366 0.000217732
         205    0.328797    0.329363 0.000216688
         206    0.331269    0.329372 0.000215833
         207    0.329806    0.329374 0.000214801
         208    0.328992    0.329372 0.000213776
         209    0.327176    0.329362 0.000213011
         210    0.327278    0.329352 0.000212228
         211    0.332788    0.329368 0.000211846
         212    0.331582    0.329379 0.000211104
         213    0.330952    0.329386 0.000210242
         214    0.324668    0.329364 0.000210413
         215    0.328479     0.32936 0.000209474
         216    0.331149    0.329368 0.000208668
         217    0.329686     0.32937 0.000207711
         218    0.324863    0.329349 0.000207785
         219    0.324086    0.329325 0.000208221
         220    0.337362    0.329362 0.000210455
         221    0.332436    0.329375 0.000209962
         222    0.333465    0.329394 0.000209823
         223    0.331568    0.329404 0.000209108
         224     0.33328    0.329421  0.00020889
         225    0.331617    0.329431 0.000208189
         226    0.330463    0.329435 0.000207318
         227     0.32858    0.329432 0.000206439
         228    0.323309    0.329405 0.000207272
         229    0.331637    0.329414 0.000206596
         230    0.326579    0.329402 0.000206066
         231    0.329069    0.329401 0.000205179
         232    0.327525    0.329393 0.000204454
         233    0.330986    0.329399  0.00020369
         234    0.325269    0.329382 0.000203583
         235    0.323302    0.329356 0.000204354
         236    0.327302    0.329347 0.000203673
         237    0.327032    0.329337 0.000203048
         238    0.330303    0.329341 0.000202236
         239     0.32535    0.329325 0.000202078
         240    0.335122    0.329349 0.000202674
         241    0.327456    0.329341 0.000201985
         242    0.327205    0.329332 0.000201344
         243    0.333107    0.329348 0.000201113
         244     0.32941    0.329348 0.000200289
         245    0.326242    0.329335 0.000199873
         246    0.328333    0.329331 0.000199102
         247    0.328855    0.329329 0.000198305
         248    0.329047    0.329328 0.000197509
         249    0.335219    0.329352 0.000198127
         250    0.327026    0.329343 0.000197553
         251    0.328869    0.329341 0.000196775
         252    0.326521    0.329329 0.000196312
         253    0.326782    0.329319 0.000195794
         254    0.333519    0.329336  0.00019572
         255    0.327117    0.329327 0.000195146
         256    0.327249    0.329319 0.000194552
         257    0.332922    0.329333   0.0001943
         258    0.325939     0.32932 0.000193992
         259      0.3317    0.329329  0.00019346
         260    0.333511    0.329345 0.000193384
         261     0.33312     0.32936 0.000193183
         262    0.326016    0.329347 0.000192867
         263    0.334019    0.329365  0.00019295
         264      0.3265    0.329354 0.000192524
         265     0.32989    0.329356 0.000191808
         266    0.333362    0.329371 0.000191677
         267    0.331698     0.32938 0.000191157
         268    0.329498     0.32938 0.000190444
         269    0.331828    0.329389 0.000189954
         270    0.331315    0.329396 0.000189384
         271    0.328392    0.329393 0.000188722
         272    0.330401    0.329396 0.000188064
         273    0.324974     0.32938 0.000188072
         274    0.327321    0.329373 0.000187536
         275    0.326992    0.329364 0.000187053
         276    0.331472    0.329372 0.000186531
         277     0.33368    0.329387 0.000186505
         278    0.328821    0.329385 0.000185846
         279    0.330679     0.32939 0.000185237
         280    0.326885    0.329381 0.000184792
         281     0.33165    0.329389  0.00018431
         282    0.325027    0.329373 0.000184305
         283    0.326288    0.329363 0.000183976
         284    0.329662    0.329364 0.000183331
         285    0.332294    0.329374 0.000182976
         286    0.327703    0.329368 0.000182429
         287     0.32985     0.32937 0.000181801
         288    0.326718     0.32936 0.000181403
         289    0.335717    0.329382 0.000182104
         290    0.331167    0.329389  0.00018158
         291    0.330527    0.329393 0.000180998
         292    0.329604    0.329393  0.00018038
         293     0.32989    0.329395 0.000179772
         294    0.332936    0.329407 0.000179563
         295    0.329228    0.329406 0.000178956
         296    0.328994    0.329405 0.000178357
         297    0.329339    0.329405 0.000177756
         298    0.333018    0.329417 0.000177573
         299    0.333522    0.329431 0.000177509
         300    0.326979    0.329422 0.000177105
         301    0.323236    0.329402 0.000177705
         302    0.332105    0.329411 0.000177342
         303    0.329554    0.329411 0.000176757
         304    0.329774    0.329413  0.00017618
         305    0.326888    0.329404 0.000175797
         306    0.330586    0.329408 0.000175265
         307    0.331534    0.329415  0.00017483
         308    0.327887     0.32941 0.000174333
         309    0.328975    0.329409 0.000173775
         310    0.331232    0.329415 0.000173313
         311    0.328154     0.32941 0.000172804
         312    0.329169     0.32941 0.000172251
         313     0.33133    0.329416  0.00017181
         314    0.328723    0.329414 0.000171277
         315    0.324776    0.329399 0.000171365
         316    0.332077    0.329407 0.000171032
         317    0.333412     0.32942 0.000170959
         318     0.33325    0.329432 0.000170845
         319    0.325443     0.32942 0.000170766
         320    0.324058    0.329403 0.000171053
         321    0.328005    0.329398 0.000170575
         322    0.331791    0.329406 0.000170207
         323    0.324412     0.32939 0.000170381
         324    0.330989    0.329395 0.000169927
         325    0.330184    0.329398 0.000169421
         326    0.327532    0.329392 0.000168998
         327    0.327396    0.329386 0.000168592
         328    0.330686     0.32939 0.000168124
         329    0.330558    0.329393 0.000167651
         330    0.334261    0.329408  0.00016779
         331     0.32869    0.329406 0.000167297
         332    0.328104    0.329402 0.000166839
         333     0.32891    0.329401 0.000166345
         334    0.331006    0.329405 0.000165916
         335    0.326184    0.329396   0.0001657
         336    0.331711    0.329403  0.00016535
         337    0.327965    0.329398 0.000164914
         338    0.327946    0.329394 0.000164482
         339    0.325312    0.329382 0.000164437
         340    0.326499    0.329374 0.000164172
         341    0.327425    0.329368  0.00016379
         342    0.333653     0.32938 0.000163789
         343    0.324073    0.329365 0.000164041
         344    0.330597    0.329369 0.000163603
         345    0.327796    0.329364 0.000163193
         346    0.330586    0.329368 0.000162759
         347    0.334398    0.329382 0.000162934
         348    0.328956    0.329381 0.000162471
         349    0.329618    0.329382 0.000162007
         350    0.330699    0.329385 0.000161588
         351     0.32921    0.329385 0.000161128
         352    0.333243    0.329396 0.000161043
         353    0.326893    0.329389 0.000160743
         354    0.328979    0.329387 0.000160293
         355    0.335858    0.329406 0.000160874
         356    0.331317    0.329411 0.000160512
         357    0.331424    0.329417 0.000160161
         358    0.334645    0.329431 0.000160378
         359    0.326348    0.329423 0.000160161
         360    0.330716    0.329426 0.000159757
         361    0.332022    0.329434 0.000159476
         362    0.332257    0.329441 0.000159226
         363    0.329659    0.329442 0.000158788
         364    0.328526    0.329439 0.000158372
         365    0.325441    0.329428 0.000158316
         366    0.326679    0.329421 0.000158062
         367    0.329755    0.329422 0.000157634
         368    0.332241     0.32943 0.000157392
         369    0.330595    0.329433 0.000156997
         370    0.326915    0.329426  0.00015672
         371    0.325718    0.329416 0.000156616
         372    0.339195    0.329442 0.000158385
         373    0.327459    0.329437  0.00015805
         374    0.329243    0.329436 0.000157628
         375    0.324338    0.329423 0.000157793
         376    0.331476    0.329428 0.000157468
         377    0.329863    0.329429 0.000157054
         378     0.32945    0.329429 0.000156639
         379    0.328099    0.329426 0.000156265
         380     0.32947    0.329426 0.000155854
         381    0.325248    0.329415  0.00015583
         382    0.330016    0.329417  0.00015543
         383     0.33567    0.329433 0.000155879
         384    0.331585    0.329439 0.000155574
         385     0.32992     0.32944 0.000155175
         386     0.32878    0.329438 0.000154782
         387    0.327462    0.329433 0.000154467
         388    0.332793    0.329442 0.000154311
         389    0.332293    0.329449 0.000154088
         390    0.329289    0.329449 0.000153694
         391    0.330747    0.329452 0.000153337
         392     0.33109    0.329456 0.000153002
         393    0.332065    0.329463 0.000152757
         394    0.327895    0.329459 0.000152421
         395    0.333211    0.329468 0.000152331
         396    0.324463    0.329456  0.00015247
         397    0.321043    0.329434 0.000153551
         398    0.329209    0.329434 0.000153166
         399     0.33482    0.329447 0.000153376
         400    0.328971    0.329446 0.000152997
         401    0.325041    0.329435  0.00015301
         402    0.326865    0.329429 0.000152763
         403    0.330516    0.329431 0.000152407
         404     0.33005    0.329433 0.000152038
         405    0.326762    0.329426 0.000151805
         406    0.335785    0.329442 0.000152237
         407    0.329926    0.329443 0.000151868
         408      0.3259    0.329435 0.000151744
         409    0.325008    0.329424 0.000151758
         410    0.332835    0.329432 0.000151616
         411    0.324545     0.32942 0.000151712
         412    0.328814    0.329419 0.000151351
         413     0.33054    0.329421 0.000151009
         414    0.331133    0.329426 0.000150701
         415    0.326808    0.329419  0.00015047
         416    0.332519    0.329427 0.000150292
         417    0.330114    0.329428 0.000149941
         418    0.331118    0.329432 0.000149637
         419    0.324509    0.329421  0.00014974
         420     0.32941    0.329421 0.000149384
         421    0.330118    0.329422 0.000149038
         422    0.329219    0.329422 0.000148686
         423    0.326761    0.329415 0.000148467
         424    0.327394    0.329411 0.000148194
         425    0.329108     0.32941 0.000147847
         426     0.33357     0.32942 0.000147822
         427    0.325173     0.32941  0.00014781
         428    0.329387     0.32941 0.000147464
         429    0.327626    0.329406 0.000147179
         430    0.328459    0.329403 0.000146853
         431    0.327178    0.329398 0.000146603
         432    0.325685     0.32939 0.000146516
         433    0.331032    0.329393 0.000146226
         434    0.337818    0.329413 0.000147172
         435    0.329743    0.329414 0.000146836
         436    0.329471    0.329414 0.000146499
         437     0.33081    0.329417 0.000146199
         438    0.326209     0.32941 0.000146048
         439    0.327643    0.329406 0.000145771
         440    0.333933    0.329416 0.000145803
         441    0.328646    0.329414 0.000145482
         442     0.32432    0.329403 0.000145609
         443     0.32945    0.329403  0.00014528
         444    0.324072    0.329391 0.000145449
         445    0.327396    0.329386 0.000145191
         446    0.321934     0.32937 0.000145823
         447    0.324003    0.329358 0.000145991
         448    0.328297    0.329355 0.000145684
         449    0.324137    0.329344 0.000145822
         450     0.32795     0.32934 0.000145531
         451    0.329159     0.32934 0.000145209
         452    0.321861    0.329323 0.000145827
         453     0.33178    0.329329 0.000145606
         454    0.332533    0.329336 0.000145457
         455     0.32389    0.329324 0.000145629
         456    0.325007    0.329315 0.000145617
         457    0.325428    0.329306 0.000145546
         458     0.33021    0.329308 0.000145242
         459    0.331478    0.329313 0.000145002
         460    0.333132    0.329321 0.000144924
         461     0.32989    0.329322 0.000144615
         462    0.325846    0.329315 0.000144498
         463     0.33349    0.329324 0.000144467
         464    0.333705    0.329333 0.000144464
         465    0.329911    0.329334 0.000144159
         466    0.326731    0.329329 0.000143957
         467    0.329813     0.32933 0.000143653
         468    0.327523    0.329326 0.000143398
         469    0.327879    0.329323 0.000143125
         470    0.330682    0.329326  0.00014285
         471    0.328803    0.329325 0.000142551
         472    0.331904     0.32933 0.000142354
         473     0.32721    0.329326 0.000142123
         474    0.327773    0.329322 0.000141861
         475    0.332158    0.329328 0.000141688
         476    0.327399    0.329324 0.000141448
         477    0.322591     0.32931 0.000141854
         478    0.327642    0.329307   0.0001416
         479    0.330288    0.329309  0.00014132
         480    0.331264    0.329313 0.000141084
         481    0.333471    0.329321 0.000141055
         482    0.329494    0.329322 0.000140763
         483    0.332044    0.329327 0.000140584
         484    0.329948    0.329329   0.0001403
         485    0.330344    0.329331 0.000140026
         486     0.32733    0.329327 0.000139798
         487    0.333058    0.329334 0.000139721
         488    0.330334    0.329336  0.00013945
         489    0.328113    0.329334 0.000139187
         490    0.330689    0.329337 0.000138931
         491    0.335507    0.329349 0.000139215
         492    0.325001     0.32934 0.000139212
         493     0.32858    0.329339 0.000138938
         494    0.336531    0.329353 0.000139418
         495    0.324986    0.329345 0.000139415
         496    0.328175    0.329342 0.000139154
         497    0.327028    0.329338 0.000138952
         498    0.333208    0.329345  0.00013889
         499    0.331315    0.329349 0.000138668
         500    0.329185    0.329349 0.000138391
