#     BLOCK:   ACTUAL_M:     M_AVE:       ERROR:
           1  -0.0455113  -0.0455113           0
           2 -0.00156062   -0.023536   0.0155389
           3   0.0145419  -0.0108433   0.0146532
           4   0.0370986  0.00114214   0.0151168
           5  -0.0563945  -0.0103652   0.0158804
           6   0.0196745 -0.00535856   0.0140006
           7   0.0130253 -0.00273229   0.0122444
           8   0.0182622-0.000107983   0.0109915
           9  -0.0153791 -0.00180477  0.00990029
          10    -0.00514 -0.00213829  0.00891588
          11  0.00557042  -0.0014375  0.00813284
          12   0.0365716  0.00172992   0.0080483
          13 -0.00757238  0.00101436  0.00746094
          14   0.0242299  0.00267261  0.00710991
          15   0.0262493  0.00424439  0.00680743
          16   0.0239774  0.00547771  0.00649273
          17   0.0809994  0.00992016  0.00747773
          18  -0.0423647  0.00701545  0.00760557
          19   0.0224369   0.0078271  0.00724845
          20  -0.0216962  0.00635094  0.00703474
          21 -0.00969518  0.00558684  0.00674112
          22   0.0019678  0.00542234  0.00643671
          23  -0.0130664  0.00461848  0.00620685
          24  -0.0154336  0.00378298   0.0060042
          25    0.006699  0.00389962  0.00576516
          26  -0.0396969  0.00222283  0.00578213
          27   0.0486844  0.00394363  0.00581841
          28   0.0343321  0.00502893  0.00571093
          29   0.0359006  0.00609347  0.00561234
          30  0.00972006  0.00621436  0.00542657
          31    0.029407  0.00696251  0.00530284
          32   0.0232836  0.00747254  0.00516159
          33  -0.0370106  0.00612457  0.00517821
          34  -0.0374542  0.00484284  0.00518211
          35  -0.0195995  0.00414449  0.00508089
          36  -0.0181175   0.0035261  0.00497724
          37  -0.0586192   0.0018465  0.00511828
          38   0.0185563  0.00228623  0.00500244
          39  -0.0146572  0.00185178    0.004893
          40 -0.00991374  0.00155765  0.00477951
          41   -0.037025 0.000616606  0.00475467
          42  0.00871068 0.000809322  0.00464537
          43 -0.00664172 0.000636042  0.00454057
          44  -0.0335528-0.000140978  0.00450337
          45  0.00080868-0.000119874  0.00440334
          46  -0.0147977-0.000438958  0.00431916
          47  -0.0489035 -0.00147012  0.00434861
          48  -0.0103719 -0.00165557  0.00426197
          49  0.00212154 -0.00157849  0.00417569
          50   0.0387395-0.000772128  0.00416931
          51  -0.0111346-0.000975314   0.0040925
          52  0.00746924-0.000812918  0.00401702
          53  -0.0139709 -0.00106118  0.00394889
          54   -0.013278 -0.00128742  0.00388224
          55   0.0239137-0.000829216   0.0038386
          56  -0.0150358  -0.0010829  0.00377843
          57  0.00237492 -0.00102224  0.00371262
          58   0.0209476 -0.00064345  0.00366789
          59 -0.00481614-0.000714174   0.0036064
          60 -0.00732444-0.000824345  0.00354798
          61  -0.0166409 -0.00108363  0.00349927
          62   0.0145896-0.000830839  0.00345195
          63  -0.0416134 -0.00147818  0.00345733
          64  -0.0265837 -0.00187045  0.00342549
          65 -0.00700798 -0.00194949   0.0033737
          66  -0.0106269 -0.00208097  0.00332514
          67 -0.00366518 -0.00210461   0.0032756
          68   0.0460406 -0.00139659  0.00330306
          69   0.0259016 -0.00100097   0.0032788
          70  -0.0235529 -0.00132314  0.00324775
          71  -0.0264987 -0.00167772   0.0032213
          72  -0.0022522  -0.0016857  0.00317657
          73  -0.0301119  -0.0020751  0.00315683
          74   0.0499497 -0.00137207   0.0031915
          75   0.0379416-0.000847883   0.0031917
          76   0.0295915-0.000447365  0.00317474
          77  -0.0212162-0.000717089  0.00314494
          78   0.0126044-0.000546301  0.00310926
          79   0.0109441-0.000400852   0.0030733
          80  -0.0143687 -0.00057545  0.00303984
          81  -0.0140793-0.000742164  0.00300688
          82  0.00056022-0.000726281  0.00297025
          83  -0.0121918 -0.00086442  0.00293768
          84  -0.0442393 -0.00138079  0.00294774
          85  -0.0194365 -0.00159321   0.0029207
          86 -0.00716516   -0.001658  0.00288746
          87  -0.0144558  -0.0018051  0.00285801
          88  0.00490902  -0.0017288  0.00282655
          89 -0.00229344 -0.00173515   0.0027948
          90    0.026761 -0.00141852  0.00278163
          91  0.00942964 -0.00129931  0.00275361
          92  -0.0178724 -0.00147945  0.00272957
          93  0.00384662 -0.00142218  0.00270082
          94   0.0237617 -0.00115427  0.00268534
          95  -0.0416179  -0.0015802  0.00269064
          96  0.00583174   -0.001503  0.00266372
          97  -0.0332675 -0.00183046  0.00265631
          98  0.00925424 -0.00171736  0.00263161
          99  -0.0535918 -0.00224134  0.00265669
         100  -0.0212059 -0.00243099  0.00263688
         101   0.0055245 -0.00235222  0.00261195
         102   0.0204773  -0.0021284  0.00259591
         103  -0.0215445  -0.0023169  0.00257754
         104   0.0093582 -0.00220464   0.0025552
         105  -0.0137179 -0.00231429  0.00253322
         106    0.037407 -0.00193956  0.00253689
         107  -0.0237699 -0.00214359  0.00252137
         108  0.00266882 -0.00209903  0.00249842
         109   0.0041143 -0.00204202  0.00247614
         110    0.047767 -0.00158921  0.00249469
         111 -0.00336594 -0.00160522  0.00247227
         112  -0.0223858 -0.00179076  0.00245715
         113  -0.0459062 -0.00218116  0.00246622
         114   0.0185759 -0.00199908   0.0024513
         115  -0.0418666 -0.00234576  0.00245438
         116 -0.00740008 -0.00238933  0.00243361
         117  -0.0271291 -0.00260078  0.00242197
         118  0.00211334 -0.00256083  0.00240178
         119  -0.0559302 -0.00300931  0.00242311
         120  -0.0244805 -0.00318824  0.00240951
         121  -0.0272147 -0.00338681  0.00239777
         122   -0.023687  -0.0035532  0.00238388
         123 -0.00938048 -0.00360058  0.00236497
         124   0.0139676  -0.0034589  0.00235014
         125  -0.0144992 -0.00354722  0.00233299
         126  -0.0182288 -0.00366374  0.00231739
         127  0.00641876 -0.00358435   0.0023005
         128  0.00495978  -0.0035176  0.00228349
         129   0.0126444 -0.00339231  0.00226923
         130  -0.0067644 -0.00341825  0.00225192
         131  -0.0516894 -0.00378673  0.00226468
         132  -0.0203098 -0.00391191  0.00225098
         133  -0.0603289  -0.0043361  0.00227367
         134  0.00644094 -0.00425567  0.00225812
         135  -0.0411116 -0.00452868  0.00225784
         136   0.0416263  -0.0041893   0.0022666
         137 -0.00480558  -0.0041938  0.00225006
         138  0.00453736 -0.00413053  0.00223464
         139 -0.00145074 -0.00411125  0.00221865
         140  -0.0231194 -0.00424703  0.00220695
         141  -0.0170981 -0.00433817  0.00219318
         142  -0.0142546   -0.004408  0.00217885
         143 -0.00406254 -0.00440559  0.00216361
         144  -0.0109345 -0.00445093  0.00214906
         145  0.00505226 -0.00438539  0.00213524
         146   0.0284009 -0.00416082  0.00213239
         147   0.0108002 -0.00405905  0.00212031
         148   0.0306461 -0.00382455  0.00211891
         149  -0.0378533 -0.00405293  0.00211697
         150   0.0100262 -0.00395907  0.00210493
         151 -0.00272112 -0.00395088  0.00209101
         152   0.0263622 -0.00375145  0.00208674
         153  0.00717558 -0.00368003  0.00207432
         154  -0.0072625 -0.00370329  0.00206098
         155   -0.045214  -0.0039711  0.00206501
         156  -0.0276713 -0.00412303  0.00205736
         157   0.0001841 -0.00409559  0.00204444
         158  -0.0131831 -0.00415311  0.00203231
         159   0.0468709  -0.0038322   0.0020447
         160   0.0500894 -0.00349519  0.00205951
         161  -0.0134585 -0.00355708  0.00204765
         162  -0.0270525 -0.00370211  0.00204014
         163  0.00810844 -0.00362965  0.00202891
         164  -0.0129587 -0.00368654  0.00201733
         165   0.0083358 -0.00361368  0.00200642
         166  0.00906742 -0.00353728  0.00199579
         167  -0.0117084 -0.00358621  0.00198444
         168   -0.023606 -0.00370538   0.0019762
         169  -0.0312153 -0.00386816   0.0019712
         170   0.0120531  -0.0037745  0.00196183
         171 -0.00637586 -0.00378972  0.00195041
         172  0.00442716 -0.00374194  0.00193966
         173 -0.00338568 -0.00373988  0.00192845
         174  -0.0148602 -0.00380379  0.00191842
         175   -0.038512 -0.00400213  0.00191769
         176  -0.0133103 -0.00405501  0.00190752
         177 -0.00496762 -0.00406017  0.00189675
         178 -0.00985576 -0.00409273  0.00188637
         179  -0.0148076 -0.00415259  0.00187678
         180  -0.0932735 -0.00464771  0.00193056
         181  -0.0171748 -0.00471692  0.00192114
         182   0.0178144 -0.00459312  0.00191457
         183  -0.0174382 -0.00466331  0.00190539
         184  -0.0136161 -0.00471197  0.00189566
         185  0.00912224 -0.00463719  0.00188688
         186   0.0419353  -0.0043868  0.00189328
         187   0.0145025 -0.00428578  0.00188585
         188     0.06085 -0.00393932  0.00190738
         189   0.0271911 -0.00377461  0.00190438
         190   0.0136897 -0.00368269  0.00189658
         191  -0.0287092 -0.00381372  0.00189117
         192  -0.0101918 -0.00384694  0.00188161
         193 -0.00676702 -0.00386207  0.00187192
         194   0.0458274 -0.00360594  0.00187971
         195  -0.0172619 -0.00367597  0.00187138
         196  0.00033154 -0.00365552  0.00186194
         197   0.0214166 -0.00352825  0.00185684
         198   0.0381015   -0.003318  0.00185932
         199   0.0175597 -0.00321309  0.00185294
         200   0.0127554 -0.00313324  0.00184539
         201  0.00747474 -0.00308047  0.00183697
         202   0.0193116 -0.00296962  0.00183121
         203   0.0129952 -0.00289097  0.00182388
         204  -0.0161954 -0.00295619  0.00181611
         205   0.0195184 -0.00284656  0.00181055
         206  0.00920042 -0.00278808  0.00180271
         207   0.0137728 -0.00270807  0.00179577
         208  -0.0556668 -0.00296268   0.0018051
         209  0.00361666  -0.0029312  0.00179674
         210   0.0158227  -0.0028419   0.0017904
         211   0.0743481 -0.00247607   0.0018189
         212  -0.0198709 -0.00255812  0.00181217
         213  0.00102454  -0.0025413  0.00180374
         214  -0.0009093 -0.00253367  0.00179533
         215   0.0325479  -0.0023705  0.00179438
         216 -0.00011106 -0.00236004   0.0017861
         217 -0.00560834 -0.00237501  0.00177794
         218  -0.0041055 -0.00238295   0.0017698
         219  0.00283748 -0.00235911  0.00176188
         220  0.00053854 -0.00234594  0.00175392
         221  -0.0127976 -0.00239323  0.00174662
         222  0.00674768 -0.00235206  0.00173924
         223 -0.00770108 -0.00237604   0.0017316
         224   0.0165798 -0.00229142  0.00172594
         225   0.0529819 -0.00204576  0.00173566
         226  -0.0177671 -0.00211532  0.00172938
         227 -0.00714696 -0.00213749   0.0017219
         228  -0.0319236 -0.00226813   0.0017193
         229  -0.0406509 -0.00243574  0.00171994
         230 -0.00466002 -0.00244541  0.00171249
         231 -0.00542886 -0.00245833  0.00170512
         232  0.00918166 -0.00240816  0.00169851
         233   0.0387799 -0.00223138   0.0017004
         234  -0.0146879 -0.00228462  0.00169396
         235  0.00188402 -0.00226688  0.00168685
         236   0.0009465 -0.00225326  0.00167975
         237   0.0350589 -0.00209583  0.00168003
         238    0.022078 -0.00199425  0.00167604
         239  -0.0232704 -0.00208328  0.00167139
         240  0.00573182 -0.00205071  0.00166474
         241   0.0268587 -0.00193076  0.00166215
         242  -0.0414891 -0.00209422   0.0016633
         243  -0.0216789 -0.00217482  0.00165841
         244   0.0128008 -0.00211344  0.00165274
         245  -0.0589466 -0.00234541   0.0016622
         246  -0.0372306 -0.00248722  0.00166148
         247   0.0144005 -0.00241885  0.00165616
         248  0.00976032 -0.00236974  0.00165021
         249  0.00546742 -0.00233827  0.00164388
         250 -0.00825634 -0.00236194  0.00163748
         251  -0.0237294 -0.00244707  0.00163316
         252   0.0391086 -0.00228217  0.00163499
         253    0.012359  -0.0022243  0.00162955
         254   -0.012467 -0.00226462  0.00162363
         255  -0.0167543 -0.00232144  0.00161826
         256  -0.0057321 -0.00233477  0.00161199
         257   0.0285016 -0.00221478  0.00161018
         258    0.012599 -0.00215736  0.00160496
         259  0.00044878  -0.0021473   0.0015988
         260   0.0271123 -0.00203476   0.0015966
         261   0.0101029 -0.00198826  0.00159116
         262  -0.0415943 -0.00213943  0.00159225
         263  0.00704048 -0.00210452  0.00158658
         264   0.0101408 -0.00205814  0.00158125
         265  0.00110758 -0.00204619  0.00157533
         266 -0.00139282 -0.00204374  0.00156941
         267  -0.0033523 -0.00204864  0.00156354
         268   0.0029656 -0.00202993  0.00155782
         269   0.0270529 -0.00192181  0.00155577
         270 -0.00347928 -0.00192758  0.00155002
         271   0.0192354 -0.00184949  0.00154627
         272   0.0185706 -0.00177441   0.0015424
         273  0.00991446  -0.0017316  0.00153735
         274   0.0300627 -0.00161556  0.00153611
         275 -0.00241898 -0.00161848  0.00153053
         276  -0.0525826 -0.00180313  0.00153608
         277  -0.0385229  -0.0019357  0.00153624
         278   0.0162868 -0.00187015  0.00153212
         279    0.004895  -0.0018459  0.00152682
         280   -0.041999  -0.0019893  0.00152808
         281    0.031713 -0.00186937  0.00152734
         282 -0.00542674 -0.00188198  0.00152198
         283   0.0282438 -0.00177553  0.00152032
         284  -0.0069995 -0.00179393  0.00151508
         285   0.0116676 -0.00174669   0.0015105
         286  -0.0388571 -0.00187645  0.00151078
         287  0.00695362 -0.00184568  0.00150583
         288    0.048544 -0.00167072  0.00151073
         289  -0.0176251 -0.00172592  0.00150651
         290   0.0415923 -0.00157655   0.0015087
         291   0.0805767 -0.00129424  0.00152971
         292   0.0392746  -0.0011553  0.00153076
         293 -0.00141108 -0.00115617  0.00152554
         294   0.0145057  -0.0011029  0.00152128
         295   -0.012184 -0.00114047  0.00151659
         296   0.0484162-0.000973045  0.00152068
         297   0.0125388-0.000927551  0.00151624
         298  0.00684574-0.000901466  0.00151137
         299 -0.00184744-0.000904629  0.00150632
         300 -0.00728838-0.000925909  0.00150145
         301   0.0287049-0.000827467  0.00149969
         302  -0.0111545-0.000861663  0.00149511
         303   0.0315701-0.000754628    0.001494
         304   0.0139897-0.000706127  0.00148987
         305  0.00174058-0.000698105  0.00148501
         306   0.0049774-0.000679557  0.00148027
         307  -0.0109554-0.000713029  0.00147583
         308  -0.0154724-0.000760949  0.00147182
         309  -0.0232256 -0.00083365  0.00146885
         310 -0.00584002  -0.0008498   0.0014642
         311  -0.0005969-0.000848986  0.00145949
         312  -0.0261401-0.000930048  0.00145706
         313   0.0101973-0.000894497  0.00145284
         314  0.00706392-0.000869152  0.00144844
         315 -0.00551156 -0.00088389  0.00144391
         316  -0.0132583-0.000923049  0.00143987
         317  -0.0218951-0.000989207  0.00143685
         318 -0.00742602 -0.00100945  0.00143247
         319  0.00192568 -0.00100025  0.00142801
         320    -0.00318 -0.00100706  0.00142357
         321   -0.034136 -0.00111026  0.00142287
         322 -0.00055462 -0.00110854  0.00141845
         323   0.0212339 -0.00103937  0.00141574
         324  -0.0319185 -0.00113467  0.00141458
         325 -0.00894414  -0.0011587  0.00141043
         326  -0.0104888 -0.00118732  0.00140639
         327   0.0069599 -0.00116241  0.00140231
         328 -0.00291414 -0.00116775  0.00139805
         329   0.0150789 -0.00111837  0.00139467
         330  -0.0408838 -0.00123887  0.00139564
         331   0.0471799 -0.00109259  0.00139907
         332   0.0196808 -0.00103002  0.00139625
         333  -0.0118529 -0.00106252  0.00139244
         334   0.0298886 -0.00096985  0.00139135
         335    0.027342-0.000885338  0.00138976
         336  0.00516174 -0.00086734  0.00138574
         337  -0.0319263-0.000959503  0.00138469
         338   0.0211797-0.000894003  0.00138214
         339  -0.0342118-0.000992285  0.00138156
         340   0.0142432-0.000947475  0.00137822
         341   0.0375906 -0.00083446   0.0013788
         342  -0.0202365-0.000891191  0.00137594
         343  -0.0160351-0.000935343  0.00137264
         344    0.028811-0.000848871  0.00137137
         345   0.0110024-0.000814519  0.00136782
         346 -0.00494694-0.000826463  0.00136392
         347   0.0190967-0.000769047   0.0013612
         348   -0.010455 -0.00079688  0.00135757
         349 -0.00687638  -0.0008143  0.00135379
         350   0.0168883-0.000763721  0.00135087
         351 -0.00536642-0.000776835  0.00134708
         352   0.0327445-0.000681604  0.00134662
         353  0.00188546-0.000674331  0.00134282
         354 -0.00861094-0.000696751  0.00133922
         355   -0.006012-0.000711724  0.00133553
         356   0.0460711-0.000580311  0.00133823
         357  -0.0455803-0.000706362   0.0013404
         358   0.0419658-0.000587166  0.00134195
         359  -0.0125358-0.000620449  0.00133862
         360   0.0314508-0.000531362  0.00133786
         361 -0.00568606-0.000545641  0.00133423
         362  -0.0179598-0.000593746  0.00133142
         363   0.0452008 -0.00046759  0.00133371
         364   0.0439206-0.000345645  0.00133561
         365  -0.0434111-0.000463632  0.00133715
         366   -0.037938-0.000566021  0.00133741
         367   0.0322051-0.000476727  0.00133675
         368  -0.0154686-0.000517465  0.00133374
         369  -0.0273054-0.000590061   0.0013321
         370  -0.0178175-0.000636622  0.00132931
         371  -0.0012807-0.000638358  0.00132573
         372  -0.0004544-0.000637863  0.00132216
         373 -0.00425262-0.000647554  0.00131865
         374   0.0304555-0.000564391  0.00131775
         375   0.0129335-0.000528397  0.00131473
         376 -0.00277248-0.000534365  0.00131124
         377   0.0157624-0.000491138  0.00130848
         378   0.0209065 -0.00043453  0.00130624
         379  -0.0209863-0.000488757  0.00130392
         380   0.0131678-0.000452818  0.00130098
         381  -0.0453337-0.000570616  0.00130289
         382 -0.00253822-0.000575766  0.00129949
         383   0.0154634-0.000533889  0.00129677
         384   0.0493821-0.000403899  0.00129989
         385  0.00537862 -0.00038888   0.0012966
         386  -0.0509903-0.000519971  0.00129985
         387   0.0179675  -0.0004722  0.00129737
         388   -0.030946-0.000550741   0.0012964
         389  -0.0529358-0.000685407  0.00130005
         390   0.0159617-0.000642722  0.00129741
         391  -0.0473564-0.000762194  0.00129958
         392    0.054924-0.000620138  0.00130401
         393 -0.00569404-0.000633048  0.00130076
         394   0.0208622-0.000578492   0.0012986
         395   0.0205807-0.000524924  0.00129641
         396  0.00233232-0.000517709  0.00129316
         397 -0.00791042-0.000536331  0.00129004
         398   0.0241864-0.000474213  0.00128829
         399  -0.0250603-0.000535832  0.00128653
         400    0.016685 -0.00049278  0.00128404
         401   0.0121445-0.000461266  0.00128122
         402 -0.00687468 -0.00047722  0.00127814
         403  0.00714048-0.000458317   0.0012751
         404  -0.0182105-0.000502258   0.0012727
         405 -0.00488748-0.000513086  0.00126961
         406  0.00332752-0.000503626  0.00126652
         407   0.0522522-0.000374005  0.00127002
         408   0.0123156-0.000342903  0.00126729
         409  -0.0310632-0.000418014  0.00126641
         410  0.00782102-0.000397919  0.00126348
         411 -0.00909064-0.000419069  0.00126059
         412  0.00495824-0.000406017  0.00125759
         413  -0.0300393-0.000477769  0.00125659
         414   0.0202077-0.000427804  0.00125455
         415  -0.0312198-0.000502001  0.00125372
         416  0.00817832-0.000481135  0.00125088
         417    0.014107-0.000446152  0.00124837
         418  0.00982848-0.000421571  0.00124563
         419   0.0452504-0.000312569  0.00124741
         420   0.0121592-0.000282874   0.0012448
         421  -0.0136513-0.000314628  0.00124225
         422  -0.0406377 -0.00041018  0.00124297
         423  0.00829656-0.000389597   0.0012402
         424   0.0102413-0.000364524  0.00123753
         425  -0.0256776-0.000424084  0.00123605
         426  -0.0113589-0.000449753  0.00123342
         427   0.0305855-0.000377071  0.00123267
         428  -0.0256371 -0.00043609   0.0012312
         429   0.0123277-0.000406337  0.00122869
         430   0.0140044-0.000372824  0.00122629
         431  -0.0876581-0.000575342  0.00124005
         432   0.0144356-0.000540594  0.00123767
         433    -0.01754-0.000579854  0.00123543
         434   0.0177361-0.000537651  0.00123331
         435 -0.00491746 -0.00054772  0.00123051
         436   0.0453277-0.000442501  0.00123218
         437  -0.0450248 -0.00054452  0.00123358
         438  -0.0122947-0.000571347  0.00123105
         439  0.00696062 -0.00055419  0.00122837
         440   -0.024078-0.000607653  0.00122674
         441   -0.038779-0.000694209  0.00122701
         442  -0.0373239-0.000777082  0.00122703
         443  -0.0195583-0.000819477  0.00122499
         444   0.0104951-0.000793994   0.0012225
         445   0.0234954-0.000739411  0.00122097
         446   0.0174457-0.000698637  0.00121891
         447  -0.0103287-0.000720181  0.00121637
         448  -0.0234682-0.000770958  0.00121472
         449  -0.0219612-0.000818152  0.00121293
         450  0.00809462-0.000798346   0.0012104
         451  -0.0109619-0.000820882  0.00120792
         452  -0.0195175-0.000862246  0.00120596
         453  0.00431112-0.000850826  0.00120335
         454  -0.0121354-0.000875682  0.00120095
         455   0.0178471-0.000834532  0.00119902
         456  -0.0342244-0.000907756  0.00119862
         457  0.00850604-0.000887157  0.00119618
         458   0.0404283-0.000796948  0.00119696
         459  -0.0199597-0.000838697  0.00119508
         460  0.00733448-0.000820929  0.00119262
         461  -0.0186436 -0.00085959  0.00119066
         462  -0.0298925-0.000922432  0.00118974
         463   0.0462004-0.000820655  0.00119151
         464  -0.0300709-0.000883694  0.00119061
         465  -0.0106869-0.000904776  0.00118824
         466  -0.0159619-0.000937088  0.00118613
         467  -0.0382574   -0.001017  0.00118628
         468   0.0103309-0.000992755  0.00118399
         469    -0.00962 -0.00101115  0.00118161
         470   0.0128476-0.000981664  0.00117946
         471   -0.030201  -0.0010437  0.00117859
         472  -0.0012379 -0.00104411  0.00117609
         473  -0.0252583  -0.0010953  0.00117472
         474  0.00489084 -0.00108268  0.00117231
         475  0.00830872  -0.0010629  0.00117001
         476  -0.0428317 -0.00115065  0.00117083
         477    -0.02566 -0.00120204  0.00116951
         478 -0.00101522 -0.00120165  0.00116706
         479   0.0121972 -0.00117367  0.00116496
         480  -0.0205082 -0.00121395  0.00116323
         481 -0.00047256 -0.00121241  0.00116081
         482   0.0324667 -0.00114254   0.0011605
         483  -0.0040322 -0.00114852  0.00115812
         484   0.0456885 -0.00105175  0.00115976
         485  -0.0337201 -0.00111911  0.00115932
         486  0.00526058 -0.00110598  0.00115701
         487  -0.0268834 -0.00115891  0.00115585
         488  0.00947936 -0.00113711  0.00115368
         489  -0.0230261 -0.00118187  0.00115219
         490  -0.0148225 -0.00120971  0.00115018
         491   0.0178538 -0.00117089  0.00114849
         492   0.0413564 -0.00108445   0.0011494
         493   0.0255315 -0.00103046  0.00114834
         494 -0.00638562  -0.0010413  0.00114606
         495   0.0165515 -0.00100576   0.0011443
         496   0.0203755-0.000962653  0.00114281
         497  -0.0293952 -0.00101986  0.00114194
         498   0.0742303-0.000868757   0.0011496
         499 -0.00847656-0.000884003  0.00114739
         500  -0.0438743-0.000969983  0.00114832
