#     BLOCK:   ACTUAL_M:     M_AVE:       ERROR:
           1     0.89198     0.89198           0
           2    0.892048    0.892014  2.4077e-05
           3    0.887446    0.890491  0.00124326
           4    0.888001    0.889869  0.00107714
           5    0.891988    0.890293 0.000941425
           6    0.884135    0.889266  0.00122199
           7    0.882769    0.888338  0.00135485
           8    0.885538    0.887988  0.00122987
           9    0.884143    0.887561  0.00116504
          10     0.89096    0.887901    0.001097
          11    0.889868     0.88808  0.00101175
          12    0.890526    0.888284 0.000947742
          13    0.885156    0.888043 0.000904858
          14    0.885977    0.887895 0.000852172
          15    0.886861    0.887826 0.000798147
          16    0.894839    0.888265 0.000860213
          17    0.872678    0.887348  0.00120279
          18    0.889907     0.88749  0.00114434
          19    0.881286    0.887163  0.00112973
          20    0.889684    0.887289  0.00108025
          21    0.881264    0.887003  0.00106623
          22     0.86528    0.886015   0.0014023
          23    0.897936    0.886533  0.00143392
          24    0.888955    0.886634  0.00137772
          25    0.890192    0.886777  0.00132994
          26    0.891611    0.886963  0.00129172
          27    0.878808    0.886661   0.0012787
          28    0.887836    0.886703  0.00123372
          29    0.892073    0.886888    0.001205
          30    0.881066    0.886694  0.00118035
          31    0.895248     0.88697  0.00117409
          32    0.892123    0.887131  0.00114839
          33    0.883651    0.887025  0.00111842
          34    0.890403    0.887125  0.00108993
          35    0.874389    0.886761  0.00111788
          36    0.898739    0.887093  0.00113527
          37    0.888352    0.887127   0.0011051
          38    0.892082    0.887258  0.00108368
          39    0.889679     0.88732  0.00105767
          40    0.896025    0.887538  0.00105338
          41    0.879635    0.887345  0.00104517
          42    0.882302    0.887225  0.00102716
          43    0.877099    0.886989  0.00102992
          44    0.886121     0.88697   0.0010067
          45    0.887236    0.886975 0.000984344
          46    0.891016    0.887063 0.000966856
          47    0.881847    0.886952 0.000952632
          48     0.88665    0.886946 0.000932807
          49    0.889086     0.88699 0.000914792
          50    0.885309    0.886956 0.000897113
          51     0.88683    0.886954 0.000879526
          52    0.884467    0.886906 0.000863912
          53    0.886499    0.886898 0.000847646
          54    0.886957    0.886899 0.000831949
          55    0.890465    0.886964 0.000819346
          56    0.893778    0.887086   0.0008137
          57    0.882269    0.887001 0.000803801
          58    0.895553    0.887149  0.00080335
          59    0.882628    0.887072 0.000793379
          60     0.89503    0.887205 0.000791165
          61    0.886174    0.887188 0.000778376
          62     0.88676    0.887181 0.000765852
          63    0.888097    0.887195 0.000753834
          64    0.881421    0.887105 0.000747435
          65    0.892242    0.887184 0.000740103
          66    0.878276    0.887049 0.000741095
          67    0.880011    0.886944 0.000737442
          68    0.894066    0.887049 0.000733997
          69    0.881284    0.886965 0.000728098
          70    0.885017    0.886938 0.000718229
          71    0.898164    0.887096 0.000725311
          72    0.888802    0.887119 0.000715624
          73    0.889407    0.887151 0.000706507
          74    0.891797    0.887213 0.000699744
          75    0.885095    0.887185 0.000690984
          76    0.882079    0.887118 0.000685151
          77    0.879921    0.887025 0.000682599
          78    0.898156    0.887167 0.000688603
          79    0.884646    0.887135 0.000680626
          80    0.889351    0.887163 0.000672682
          81    0.882234    0.887102 0.000667124
          82    0.878391    0.886996 0.000667394
          83    0.880901    0.886923 0.000663381
          84    0.885788    0.886909 0.000655621
          85    0.882829    0.886861 0.000649662
          86    0.892046    0.886921 0.000644899
          87    0.891143     0.88697  0.00063931
          88    0.880202    0.886893 0.000636654
          89    0.883754    0.886858 0.000630477
          90    0.879844     0.88678 0.000628269
          91    0.887991    0.886793 0.000621506
          92    0.886193    0.886787 0.000614784
          93    0.888271    0.886802 0.000608381
          94    0.885492    0.886789 0.000602068
          95    0.897336      0.8869 0.000605881
          96     0.88898    0.886921 0.000599958
          97    0.884211    0.886893 0.000594423
          98    0.877569    0.886798 0.000595924
          99    0.894286    0.886874 0.000594685
         100     0.88496    0.886855 0.000589046
         101    0.882749    0.886814 0.000584615
         102    0.882509    0.886772 0.000580405
         103    0.890873    0.886812 0.000576134
         104    0.878027    0.886727 0.000576753
         105     0.89052    0.886763  0.00057239
         106    0.905319    0.886938 0.000593153
         107    0.897585    0.887038 0.000595897
         108    0.895217    0.887114 0.000595172
         109    0.882813    0.887074 0.000591018
         110    0.872914    0.886945 0.000599501
         111    0.895352    0.887021 0.000598865
         112     0.88792    0.887029 0.000593572
         113    0.886074    0.887021 0.000588379
         114    0.880162    0.886961 0.000586286
         115    0.882309     0.88692 0.000582581
         116    0.882208    0.886879 0.000578974
         117    0.886119    0.886873 0.000574062
         118    0.879806    0.886813 0.000572312
         119    0.875879    0.886721 0.000574831
         120    0.878998    0.886657 0.000573632
         121     0.89227    0.886703 0.000570764
         122    0.901266    0.886823 0.000578433
         123    0.895174     0.88689 0.000577701
         124     0.89997    0.886996 0.000582592
         125    0.888367    0.887007 0.000578035
         126    0.885919    0.886998 0.000573512
         127    0.883539    0.886971 0.000569642
         128    0.897402    0.887053 0.000570991
         129    0.892611    0.887096 0.000568188
         130    0.878608     0.88703 0.000567556
         131    0.875242     0.88694 0.000570312
         132    0.893805    0.886992 0.000568358
         133    0.886025    0.886985 0.000564131
         134    0.882836    0.886954  0.00056077
         135    0.884943    0.886939 0.000556814
         136    0.881257    0.886897 0.000554285
         137     0.89672    0.886969 0.000554857
         138    0.896016    0.887035 0.000554695
         139    0.880556    0.886988  0.00055266
         140    0.893917    0.887038 0.000550924
         141    0.892302    0.887075  0.00054828
         142    0.897987    0.887152 0.000549777
         143    0.903154    0.887264 0.000557205
         144    0.898377    0.887341 0.000558654
         145    0.894868    0.887393 0.000557208
         146    0.884155    0.887371 0.000553833
         147    0.881823    0.887333 0.000551349
         148     0.88474    0.887315 0.000547902
         149    0.885534    0.887303 0.000544356
         150    0.878146    0.887242 0.000544139
         151    0.887992    0.887247 0.000540558
         152    0.887783    0.887251 0.000537013
         153    0.889209    0.887264 0.000533656
         154    0.887022    0.887262 0.000530193
         155     0.88676    0.887259 0.000526782
         156    0.891637    0.887287 0.000524152
         157    0.880325    0.887242 0.000522686
         158    0.889994     0.88726 0.000519668
         159    0.891487    0.887286 0.000517079
         160    0.875793    0.887215 0.000518814
         161    0.886047    0.887207 0.000515642
         162    0.890718    0.887229 0.000512914
         163    0.889055     0.88724  0.00050989
         164    0.896641    0.887298 0.000509993
         165    0.892489    0.887329 0.000507872
         166    0.885526    0.887318 0.000504928
         167    0.900723    0.887398 0.000508245
         168    0.885168    0.887385 0.000505393
         169    0.884322    0.887367 0.000502727
         170    0.900323    0.887443 0.000505514
         171    0.899235    0.887512 0.000507239
         172    0.882335    0.887482 0.000505182
         173    0.887052     0.88748 0.000502268
         174    0.887663    0.887481 0.000499383
         175     0.88472    0.887465 0.000496778
         176    0.887372    0.887464 0.000493956
         177    0.882476    0.887436 0.000491968
         178    0.889947     0.88745 0.000489407
         179    0.892178    0.887477 0.000487385
         180    0.893581    0.887511 0.000485855
         181    0.884749    0.887495  0.00048341
         182    0.883472    0.887473  0.00048126
         183    0.888503    0.887479 0.000478663
         184    0.882002    0.887449 0.000476986
         185    0.884229    0.887432 0.000474725
         186    0.890268    0.887447 0.000472417
         187     0.89375    0.887481 0.000471092
         188    0.897184    0.887532 0.000471406
         189    0.894927    0.887571 0.000470532
         190    0.890608    0.887587 0.000468327
         191    0.884823    0.887573 0.000466099
         192    0.880396    0.887536 0.000465168
         193     0.89623    0.887581 0.000464934
         194     0.90162    0.887653 0.000468136
         195    0.885982    0.887644 0.000465814
         196    0.887948    0.887646  0.00046344
         197    0.879103    0.887603 0.000463112
         198    0.892638    0.887628  0.00046147
         199    0.867335    0.887526 0.000470283
         200    0.881626    0.887497 0.000468856
         201    0.881319    0.887466  0.00046753
         202    0.894374      0.8875 0.000466464
         203    0.902886    0.887576 0.000470284
         204    0.890203    0.887589 0.000468155
         205    0.883077    0.887567 0.000466388
         206    0.884688    0.887553 0.000464333
         207    0.876591      0.8875   0.0004651
         208    0.892409    0.887523 0.000463463
         209    0.895125     0.88756  0.00046267
         210    0.887762    0.887561 0.000460468
         211    0.871864    0.887486 0.000464256
         212    0.880076    0.887451  0.00046338
         213    0.880247    0.887418 0.000462438
         214    0.883795    0.887401 0.000460587
         215    0.886032    0.887394 0.000458488
         216    0.892514    0.887418 0.000456978
         217    0.883657    0.887401 0.000455201
         218    0.893557    0.887429 0.000453987
         219     0.87809    0.887386 0.000453913
         220    0.889074    0.887394 0.000451914
         221     0.88065    0.887363 0.000450899
         222     0.88185    0.887339 0.000449551
         223       0.896    0.887377  0.00044921
         224    0.885248    0.887368 0.000447305
         225    0.891592    0.887387 0.000445711
         226    0.883331    0.887369   0.0004441
         227    0.892399    0.887391 0.000442696
         228    0.889108    0.887398 0.000440818
         229    0.892123    0.887419 0.000439376
         230    0.894452     0.88745 0.000438528
         231    0.877019    0.887404 0.000438948
         232    0.881869    0.887381 0.000437704
         233     0.88332    0.887363 0.000436172
         234    0.885024    0.887353 0.000434423
         235    0.881471    0.887328 0.000433295
         236     0.88246    0.887307  0.00043195
         237    0.891927    0.887327 0.000430567
         238    0.877655    0.887286 0.000430671
         239    0.893558    0.887313 0.000429668
         240    0.876747    0.887269 0.000430127
         241    0.888581    0.887274 0.000428377
         242    0.886729    0.887272 0.000426613
         243    0.883851    0.887258 0.000425089
         244    0.881825    0.887235  0.00042393
         245    0.876363    0.887191 0.000424516
         246    0.895179    0.887224  0.00042403
         247    0.892299    0.887244 0.000422811
         248    0.871871    0.887182 0.000425625
         249    0.874913    0.887133 0.000426759
         250    0.880186    0.887105 0.000425955
         251    0.898487     0.88715 0.000426665
         252    0.883354    0.887135 0.000425238
         253     0.87676    0.887094  0.00042553
         254    0.895467    0.887127 0.000425129
         255    0.886751    0.887126 0.000423465
         256    0.891026    0.887141 0.000422085
         257    0.898471    0.887185 0.000422738
         258     0.90195    0.887242 0.000424956
         259    0.883131    0.887226 0.000423611
         260    0.886771    0.887225 0.000421986
         261    0.895008    0.887255 0.000421421
         262    0.895274    0.887285 0.000420923
         263    0.878739    0.887253 0.000420575
         264    0.887736    0.887254 0.000418986
         265    0.891009    0.887269 0.000417644
         266    0.883456    0.887254  0.00041632
         267    0.890084    0.887265 0.000414896
         268    0.890066    0.887275 0.000413479
         269     0.89043    0.887287 0.000412108
         270    0.881818    0.887267 0.000411079
         271    0.881446    0.887245 0.000410123
         272    0.880904    0.887222 0.000409278
         273    0.884901    0.887214 0.000407867
         274    0.895897    0.887245 0.000407608
         275    0.895968    0.887277 0.000407358
         276    0.881847    0.887257 0.000406356
         277    0.895197    0.887286 0.000405899
         278    0.895692    0.887316 0.000405564
         279    0.883037    0.887301   0.0004044
         280    0.888922    0.887307 0.000402997
         281    0.883919    0.887295 0.000401743
         282    0.884797    0.887286 0.000400416
         283    0.881762    0.887266 0.000399477
         284    0.893984     0.88729  0.00039877
         285    0.887625    0.887291 0.000397372
         286    0.889723      0.8873 0.000396074
         287    0.888359    0.887303 0.000394711
         288    0.880226    0.887279 0.000394105
         289    0.884428    0.887269 0.000392864
         290    0.883944    0.887257 0.000391677
         291    0.890946     0.88727 0.000390536
         292    0.893579    0.887292 0.000389796
         293    0.891022    0.887304 0.000388673
         294    0.873517    0.887257  0.00039017
         295    0.873312     0.88721 0.000391701
         296     0.89321     0.88723 0.000390901
         297    0.884706    0.887222 0.000389678
         298    0.883136    0.887208 0.000388611
         299    0.882428    0.887192  0.00038764
         300    0.888986    0.887198 0.000386394
         301    0.886068    0.887194 0.000385129
         302    0.887854    0.887197  0.00038386
         303     0.89302    0.887216 0.000383074
         304    0.889077    0.887222 0.000381863
         305    0.893008    0.887241 0.000381081
         306    0.885989    0.887237 0.000379858
         307    0.879936    0.887213 0.000379364
         308    0.893646    0.887234 0.000378707
         309    0.879495    0.887209 0.000378309
         310    0.897638    0.887243 0.000378581
         311    0.887712    0.887244 0.000377367
         312    0.888087    0.887247 0.000376167
         313    0.891812    0.887261 0.000375248
         314    0.882426    0.887246 0.000374369
         315    0.888051    0.887249 0.000373189
         316    0.879056    0.887223 0.000372907
         317    0.897278    0.887254 0.000373078
         318     0.88469    0.887246 0.000371992
         319    0.884381    0.887237 0.000370934
         320    0.894296    0.887259  0.00037043
         321    0.880107    0.887237 0.000369946
         322     0.89367    0.887257 0.000369336
         323    0.883812    0.887246 0.000368346
         324    0.893682    0.887266 0.000367745
         325    0.874954    0.887228 0.000368559
         326    0.894658    0.887251 0.000368133
         327    0.881264    0.887233 0.000367462
         328    0.888177    0.887236 0.000366353
         329    0.887097    0.887235  0.00036524
         330    0.890462    0.887245 0.000364264
         331    0.883449    0.887234 0.000363344
         332    0.885345    0.887228 0.000362294
         333    0.889713    0.887235 0.000361283
         334     0.88467    0.887228 0.000360283
         335    0.892389    0.887243 0.000359536
         336    0.893061     0.88726 0.000358883
         337    0.890733    0.887271 0.000357966
         338    0.894477    0.887292 0.000357541
         339    0.883236     0.88728 0.000356687
         340     0.88163    0.887263 0.000356025
         341    0.895283    0.887287 0.000355757
         342    0.876787    0.887256 0.000356039
         343    0.894866    0.887278 0.000355691
         344    0.889519    0.887285 0.000354717
         345    0.888194    0.887288 0.000353698
         346    0.878808    0.887263 0.000353524
         347    0.882545    0.887249 0.000352767
         348    0.873982    0.887211 0.000353807
         349    0.890106     0.88722  0.00035289
         350    0.882459    0.887206 0.000352144
         351    0.889985    0.887214  0.00035123
         352    0.889367     0.88722 0.000350285
         353    0.890753     0.88723 0.000349436
         354    0.896428    0.887256 0.000349414
         355    0.879911    0.887235 0.000349041
         356     0.88951    0.887242 0.000348119
         357    0.869941    0.887193 0.000350501
         358    0.893233     0.88721 0.000349928
         359    0.895548    0.887233 0.000349723
         360    0.894037    0.887252 0.000349262
         361    0.891111    0.887263 0.000348458
         362    0.890958    0.887273 0.000347645
         363    0.889378    0.887279 0.000346736
         364     0.88898    0.887284 0.000345814
         365     0.88641    0.887281 0.000344875
         366    0.892917    0.887297 0.000344277
         367    0.886109    0.887293 0.000343354
         368    0.878433    0.887269 0.000343264
         369    0.877206    0.887242 0.000343415
         370     0.88919    0.887247 0.000342528
         371    0.881384    0.887232 0.000341969
         372    0.873721    0.887195 0.000342973
         373    0.893794    0.887213 0.000342509
         374    0.876491    0.887184 0.000342791
         375    0.892586    0.887199 0.000342179
         376    0.888694    0.887203 0.000341292
         377    0.880148    0.887184   0.0003409
         378    0.892102    0.887197 0.000340246
         379    0.878818    0.887175 0.000340066
         380    0.893378    0.887191 0.000339563
         381    0.892021    0.887204 0.000338908
         382    0.880628    0.887187 0.000338458
         383     0.87984    0.887167 0.000338117
         384    0.880912    0.887151 0.000337629
         385    0.893063    0.887166 0.000337101
         386    0.889567    0.887173 0.000336285
         387    0.896506    0.887197  0.00033628
         388    0.893966    0.887214 0.000335865
         389    0.887221    0.887214 0.000335002
         390    0.886233    0.887212 0.000334152
         391    0.871438    0.887171 0.000335724
         392    0.879943    0.887153 0.000335374
         393    0.881777    0.887139 0.000334799
         394    0.887257     0.88714  0.00033395
         395    0.888244    0.887142 0.000333116
         396    0.879286    0.887123 0.000332865
         397    0.885022    0.887117 0.000332069
         398    0.885585    0.887113 0.000331256
         399    0.887438    0.887114 0.000330427
         400    0.891791    0.887126 0.000329808
         401        0.88    0.887108 0.000329464
         402    0.886805    0.887107 0.000328645
         403     0.88726    0.887108  0.00032783
         404    0.896871    0.887132 0.000327908
         405    0.887875    0.887134 0.000327104
         406    0.887137    0.887134 0.000326298
         407    0.885962    0.887131 0.000325509
         408    0.885924    0.887128 0.000324724
         409    0.891538    0.887139  0.00032411
         410     0.89669    0.887162 0.000324155
         411    0.883485    0.887153  0.00032349
         412     0.89325    0.887168 0.000323043
         413    0.895967    0.887189 0.000322963
         414    0.879015    0.887169 0.000322786
         415    0.887321     0.88717 0.000322008
         416    0.885139    0.887165 0.000321271
         417    0.884143    0.887158 0.000320582
         418    0.884114     0.88715 0.000319898
         419     0.88463    0.887144 0.000319191
         420    0.880632    0.887129 0.000318807
         421    0.879863    0.887112 0.000318517
         422    0.887597    0.887113 0.000317764
         423    0.889192    0.887118 0.000317051
         424    0.898028    0.887143 0.000317346
         425    0.882057    0.887131 0.000316825
         426    0.885512    0.887128 0.000316104
         427    0.879238    0.887109 0.000315903
         428    0.877444    0.887087 0.000315971
         429    0.880991    0.887072 0.000315554
         430    0.891562    0.887083 0.000314993
         431    0.873206    0.887051 0.000315903
         432    0.894251    0.887067 0.000315611
         433    0.888651    0.887071 0.000314903
         434    0.883639    0.887063 0.000314277
         435    0.888878    0.887067 0.000313582
         436    0.883986     0.88706 0.000312943
         437     0.87971    0.887043 0.000312678
         438     0.87983    0.887027 0.000312398
         439    0.882084    0.887016 0.000311889
         440    0.880704    0.887001  0.00031151
         441    0.886998    0.887001 0.000310804
         442     0.88595    0.886999  0.00031011
         443    0.889209    0.887004  0.00030945
         444    0.890844    0.887013 0.000308874
         445    0.883722    0.887005 0.000308268
         446    0.887271    0.887006 0.000307577
         447    0.890875    0.887014 0.000307011
         448    0.899931    0.887043 0.000307677
         449     0.88364    0.887036 0.000307085
         450    0.894428    0.887052 0.000306841
         451    0.884683    0.887047 0.000306206
         452    0.897542     0.88707 0.000306408
         453    0.900127    0.887099 0.000307084
         454     0.88086    0.887085 0.000306715
         455       0.877    0.887063  0.00030684
         456    0.891474    0.887073  0.00030632
         457    0.892251    0.887084 0.000305859
         458    0.882433    0.887074  0.00030536
         459    0.886682    0.887073 0.000304696
         460    0.885828     0.88707 0.000304045
         461    0.881769    0.887059 0.000303603
         462    0.881599    0.887047 0.000303176
         463     0.87586    0.887023 0.000303482
         464     0.88089     0.88701 0.000303116
         465    0.881819    0.886998  0.00030267
         466    0.886218    0.886997 0.000302025
         467    0.888229    0.886999  0.00030139
         468    0.895551    0.887018 0.000301299
         469    0.881151    0.887005 0.000300916
         470    0.894758    0.887022 0.000300728
         471    0.894539    0.887038 0.000300512
         472     0.88764    0.887039 0.000299878
         473    0.881115    0.887026 0.000299506
         474    0.887713    0.887028 0.000298877
         475    0.876218    0.887005 0.000299113
         476     0.88915    0.887009 0.000298519
         477    0.886305    0.887008 0.000297897
         478     0.88079    0.886995 0.000297557
         479    0.892723    0.887007 0.000297176
         480    0.881384    0.886995 0.000296788
         481    0.881763    0.886984  0.00029637
         482    0.882444    0.886975 0.000295905
         483    0.893599    0.886989  0.00029561
         484    0.891378    0.886998 0.000295139
         485    0.894883    0.887014 0.000294977
         486    0.887467    0.887015 0.000294372
         487     0.89234    0.887026 0.000293971
         488    0.897084    0.887046  0.00029409
         489    0.889423    0.887051 0.000293529
         490    0.882571    0.887042 0.000293072
         491    0.887819    0.887044 0.000292479
         492    0.884348    0.887038 0.000291936
         493    0.883895    0.887032 0.000291414
         494    0.894359    0.887047 0.000291201
         495    0.899123    0.887071 0.000291633
         496    0.878645    0.887054 0.000291539
         497    0.882375    0.887045 0.000291104
         498    0.888003    0.887047 0.000290526
         499    0.888919     0.88705 0.000289968
         500    0.883954    0.887044 0.000289454
