#     BLOCK:   ACTUAL_TE:    TE_AVE:      ERROR:
           1   -0.974544   -0.974544           0
           2   -0.973713   -0.974128 0.000293874
           3   -0.974776   -0.974344  0.00026348
           4   -0.973923   -0.974239 0.000217627
           5   -0.974309   -0.974253 0.000174556
           6   -0.973651   -0.974152 0.000171868
           7   -0.974229   -0.974163 0.000147661
           8   -0.973831   -0.974122 0.000134935
           9   -0.973573   -0.974061 0.000133001
          10   -0.974874   -0.974142  0.00014241
          11   -0.974487   -0.974173 0.000132866
          12   -0.974671   -0.974215 0.000128098
          13   -0.973864   -0.974188 0.000121063
          14    -0.97433   -0.974198 0.000112843
          15   -0.973511   -0.974152 0.000114247
          16   -0.974284    -0.97416 0.000107402
          17   -0.974528   -0.974182 0.000103236
          18   -0.974575   -0.974204 9.97852e-05
          19   -0.973805   -0.974183 9.67185e-05
          20   -0.973835   -0.974166 9.34347e-05
          21   -0.974298   -0.974172 8.91992e-05
          22   -0.973322   -0.974133  9.3136e-05
          23   -0.974303   -0.974141 8.93792e-05
          24   -0.974072   -0.974138 8.57014e-05
          25   -0.973854   -0.974126 8.30193e-05
          26   -0.973831   -0.974115  8.0601e-05
          27   -0.974319   -0.974123 7.79705e-05
          28   -0.973954   -0.974117 7.54168e-05
          29   -0.974358   -0.974125  7.3274e-05
          30   -0.974877    -0.97415 7.49967e-05
          31   -0.974148    -0.97415 7.25775e-05
          32   -0.974716   -0.974168 7.24302e-05
          33   -0.973769   -0.974156  7.1235e-05
          34   -0.973994   -0.974151 6.92979e-05
          35   -0.974057   -0.974148 6.73693e-05
          36   -0.974106   -0.974147 6.55081e-05
          37   -0.973649   -0.974133 6.51051e-05
          38   -0.973934   -0.974128 6.36025e-05
          39    -0.97375   -0.974119 6.27055e-05
          40   -0.974626   -0.974131 6.24092e-05
          41   -0.974034   -0.974129 6.09319e-05
          42   -0.974537   -0.974139   6.025e-05
          43   -0.973913   -0.974133 5.90769e-05
          44   -0.973534    -0.97412 5.92852e-05
          45   -0.973489   -0.974106 5.95997e-05
          46   -0.974315    -0.97411 5.84777e-05
          47   -0.973943   -0.974107 5.73419e-05
          48   -0.973861   -0.974102 5.63745e-05
          49   -0.974421   -0.974108 5.55987e-05
          50   -0.974664   -0.974119 5.55876e-05
          51   -0.973948   -0.974116 5.45991e-05
          52   -0.974345    -0.97412 5.37269e-05
          53   -0.973793   -0.974114 5.30677e-05
          54   -0.974128   -0.974114 5.20856e-05
          55   -0.974086   -0.974114 5.11412e-05
          56   -0.973683   -0.974106 5.08032e-05
          57   -0.973688   -0.974099 5.04397e-05
          58   -0.974897   -0.974113 5.14124e-05
          59   -0.974284   -0.974115 5.06231e-05
          60   -0.973721   -0.974109 5.02051e-05
          61   -0.974046   -0.974108 4.93927e-05
          62   -0.974034   -0.974107 4.86105e-05
          63   -0.974591   -0.974114 4.84439e-05
          64   -0.973885   -0.974111 4.78194e-05
          65   -0.974056    -0.97411 4.70912e-05
          66   -0.973745   -0.974104 4.67015e-05
          67   -0.974295   -0.974107  4.6091e-05
          68   -0.974618   -0.974115 4.60208e-05
          69   -0.974218   -0.974116 4.53781e-05
          70   -0.974416    -0.97412 4.49312e-05
          71   -0.974333   -0.974123 4.43984e-05
          72   -0.974288   -0.974126 4.38406e-05
          73   -0.973981   -0.974124 4.32849e-05
          74   -0.974398   -0.974128 4.28587e-05
          75    -0.97426   -0.974129 4.23238e-05
          76   -0.974819   -0.974138 4.27275e-05
          77   -0.974455   -0.974142 4.23698e-05
          78   -0.974316   -0.974145 4.18848e-05
          79    -0.97426   -0.974146 4.13802e-05
          80   -0.974579   -0.974152 4.12149e-05
          81   -0.974195   -0.974152 4.07095e-05
          82   -0.973924   -0.974149 4.03075e-05
          83   -0.973838   -0.974146 3.99963e-05
          84   -0.974221   -0.974146 3.95303e-05
          85   -0.973709   -0.974141 3.93987e-05
          86   -0.974019    -0.97414 3.89664e-05
          87   -0.974346   -0.974142 3.85905e-05
          88   -0.973763   -0.974138 3.83913e-05
          89   -0.974104   -0.974138 3.79619e-05
          90   -0.974062   -0.974137 3.75492e-05
          91   -0.974011   -0.974135 3.71619e-05
          92   -0.973954   -0.974133 3.68101e-05
          93   -0.973824    -0.97413 3.65639e-05
          94   -0.974325   -0.974132 3.62335e-05
          95   -0.973387   -0.974124  3.6691e-05
          96   -0.973756    -0.97412 3.65085e-05
          97   -0.974414   -0.974123 3.62572e-05
          98   -0.973543   -0.974118 3.63676e-05
          99   -0.974798   -0.974124 3.66431e-05
         100   -0.974122   -0.974124 3.62767e-05
         101   -0.974484   -0.974128 3.60917e-05
         102   -0.973963   -0.974126 3.57739e-05
         103   -0.973855   -0.974124 3.55234e-05
         104   -0.974578   -0.974128 3.54493e-05
         105   -0.973661   -0.974124 3.53896e-05
         106   -0.973866   -0.974121 3.51393e-05
         107    -0.97447   -0.974124 3.49617e-05
         108   -0.974402   -0.974127 3.47325e-05
         109   -0.974273   -0.974128 3.44398e-05
         110   -0.974303    -0.97413 3.41633e-05
         111   -0.974414   -0.974133 3.39513e-05
         112   -0.973654   -0.974128 3.39155e-05
         113   -0.973936   -0.974127  3.3658e-05
         114    -0.97455    -0.97413 3.35676e-05
         115   -0.973719   -0.974127 3.34657e-05
         116   -0.973857   -0.974124 3.32581e-05
         117   -0.973393   -0.974118  3.3556e-05
         118   -0.974508   -0.974121 3.34337e-05
         119   -0.973823   -0.974119 3.32466e-05
         120   -0.974294    -0.97412 3.30013e-05
         121   -0.974145   -0.974121 3.27292e-05
         122   -0.974115   -0.974121  3.2461e-05
         123   -0.974815   -0.974126 3.26843e-05
         124   -0.974109   -0.974126  3.2421e-05
         125   -0.974502   -0.974129  3.2301e-05
         126   -0.974559   -0.974132 3.22241e-05
         127    -0.97442   -0.974135 3.20498e-05
         128   -0.974263   -0.974136  3.1815e-05
         129   -0.974495   -0.974138 3.16898e-05
         130    -0.97462   -0.974142  3.1662e-05
         131   -0.974174   -0.974142 3.14212e-05
         132   -0.974669   -0.974146 3.14349e-05
         133   -0.974449   -0.974149 3.12809e-05
         134   -0.973963   -0.974147 3.10782e-05
         135   -0.973906   -0.974146 3.08994e-05
         136   -0.974812    -0.97415 3.10587e-05
         137   -0.974692   -0.974154  3.1083e-05
         138   -0.975189   -0.974162 3.17489e-05
         139   -0.973886    -0.97416 3.15826e-05
         140   -0.974222    -0.97416 3.13602e-05
         141   -0.974033   -0.974159 3.11507e-05
         142   -0.973869   -0.974157 3.09985e-05
         143   -0.973588   -0.974153 3.10365e-05
         144   -0.973659    -0.97415 3.10103e-05
         145   -0.975171   -0.974157 3.15862e-05
         146   -0.974229   -0.974158 3.13737e-05
         147   -0.974076   -0.974157 3.11652e-05
         148   -0.974369   -0.974158 3.09876e-05
         149   -0.973808   -0.974156 3.08686e-05
         150   -0.974082   -0.974156 3.06668e-05
         151   -0.974322   -0.974157 3.04835e-05
         152   -0.974529   -0.974159  3.0381e-05
         153   -0.974022   -0.974158 3.01957e-05
         154    -0.97436    -0.97416 3.00279e-05
         155   -0.973786   -0.974157 2.99306e-05
         156   -0.974468   -0.974159 2.98052e-05
         157   -0.974368    -0.97416 2.96451e-05
         158   -0.974555   -0.974163 2.95627e-05
         159   -0.974288   -0.974164 2.93873e-05
         160   -0.974344   -0.974165 2.92252e-05
         161   -0.974163   -0.974165 2.90436e-05
         162   -0.974134   -0.974165  2.8865e-05
         163   -0.974031   -0.974164 2.86994e-05
         164   -0.974835   -0.974168 2.88147e-05
         165    -0.97474   -0.974171 2.88482e-05
         166   -0.974117   -0.974171 2.86763e-05
         167   -0.974447   -0.974173 2.85522e-05
         168   -0.974221   -0.974173 2.83837e-05
         169   -0.973657    -0.97417 2.83792e-05
         170   -0.973678   -0.974167 2.83597e-05
         171    -0.97414   -0.974167 2.81943e-05
         172   -0.973448   -0.974163 2.83381e-05
         173   -0.973977   -0.974162 2.81946e-05
         174   -0.974028   -0.974161 2.80431e-05
         175   -0.974237   -0.974161 2.78862e-05
         176   -0.974358   -0.974162 2.77501e-05
         177   -0.973775    -0.97416 2.76794e-05
         178   -0.973941   -0.974159 2.75513e-05
         179   -0.974372    -0.97416  2.7423e-05
         180   -0.973984   -0.974159  2.7288e-05
         181   -0.974091   -0.974159 2.71399e-05
         182   -0.973813   -0.974157  2.7057e-05
         183   -0.973678   -0.974154 2.70356e-05
         184   -0.974446   -0.974156 2.69353e-05
         185   -0.974851    -0.97416 2.70508e-05
         186   -0.974129    -0.97416 2.69059e-05
         187   -0.974103   -0.974159 2.67637e-05
         188   -0.974125   -0.974159 2.66219e-05
         189    -0.97363   -0.974156 2.66277e-05
         190   -0.974256   -0.974157 2.64927e-05
         191   -0.974703    -0.97416 2.65077e-05
         192   -0.974364   -0.974161 2.63911e-05
         193   -0.973777   -0.974159 2.63291e-05
         194   -0.974329    -0.97416 2.62081e-05
         195   -0.974269    -0.97416 2.60797e-05
         196   -0.974053    -0.97416 2.59524e-05
         197   -0.973649   -0.974157 2.59498e-05
         198   -0.973651   -0.974154 2.59442e-05
         199   -0.973871   -0.974153 2.58529e-05
         200   -0.973995   -0.974152 2.57358e-05
         201   -0.973805    -0.97415 2.56657e-05
         202   -0.974212   -0.974151 2.55404e-05
         203   -0.974476   -0.974152 2.54649e-05
         204   -0.974081   -0.974152 2.53425e-05
         205   -0.974184   -0.974152 2.52193e-05
         206   -0.974008   -0.974151 2.51066e-05
         207   -0.973975   -0.974151 2.49999e-05
         208   -0.974408   -0.974152 2.49103e-05
         209   -0.974263   -0.974152 2.47968e-05
         210   -0.974302   -0.974153  2.4689e-05
         211   -0.973825   -0.974152  2.4621e-05
         212   -0.973821    -0.97415 2.45541e-05
         213   -0.973976   -0.974149 2.44524e-05
         214   -0.974684   -0.974152 2.44656e-05
         215   -0.974147   -0.974152 2.43518e-05
         216   -0.973864    -0.97415 2.42755e-05
         217   -0.974011    -0.97415 2.41722e-05
         218   -0.974469   -0.974151 2.41057e-05
         219   -0.974625   -0.974153 2.40926e-05
         220    -0.97323   -0.974149 2.43457e-05
         221   -0.973931   -0.974148 2.42555e-05
         222   -0.973353   -0.974145  2.4409e-05
         223   -0.973846   -0.974143 2.43362e-05
         224   -0.973666   -0.974141 2.43205e-05
         225    -0.97381    -0.97414 2.42568e-05
         226   -0.973859   -0.974138 2.41813e-05
         227   -0.974216   -0.974139 2.40772e-05
         228   -0.974917   -0.974142 2.42124e-05
         229    -0.97414   -0.974142 2.41067e-05
         230   -0.974589   -0.974144 2.40801e-05
         231   -0.974316   -0.974145 2.39874e-05
         232   -0.974096   -0.974145 2.38849e-05
         233   -0.974281   -0.974145 2.37895e-05
         234   -0.974638   -0.974147 2.37809e-05
         235   -0.974882    -0.97415 2.38842e-05
         236   -0.974365   -0.974151 2.38002e-05
         237   -0.974506   -0.974153 2.37467e-05
         238   -0.974134   -0.974153 2.36471e-05
         239   -0.974698   -0.974155 2.36578e-05
         240   -0.973509   -0.974152  2.3712e-05
         241   -0.974376   -0.974153 2.36317e-05
         242   -0.974269   -0.974154 2.35389e-05
         243   -0.973716   -0.974152 2.35107e-05
         244   -0.974182   -0.974152 2.34147e-05
         245    -0.97457   -0.974154 2.33813e-05
         246   -0.974317   -0.974154 2.32956e-05
         247   -0.974101   -0.974154 2.32023e-05
         248   -0.974117   -0.974154 2.31092e-05
         249   -0.973462   -0.974151  2.3183e-05
         250   -0.974476   -0.974153 2.31266e-05
         251   -0.974233   -0.974153 2.30367e-05
         252   -0.974702   -0.974155 2.30482e-05
         253   -0.974381   -0.974156 2.29744e-05
         254   -0.973765   -0.974154 2.29353e-05
         255   -0.974199   -0.974155 2.28461e-05
         256    -0.97452   -0.974156 2.28014e-05
         257   -0.973756   -0.974154 2.27658e-05
         258   -0.974554   -0.974156 2.27301e-05
         259   -0.974015   -0.974155 2.26489e-05
         260   -0.973912   -0.974155 2.25811e-05
         261    -0.97383   -0.974153 2.25289e-05
         262    -0.97476   -0.974156 2.25615e-05
         263   -0.973634   -0.974154 2.25627e-05
         264    -0.97449   -0.974155 2.25131e-05
         265   -0.974059   -0.974155 2.24311e-05
         266   -0.973816   -0.974153 2.23827e-05
         267   -0.974036   -0.974153 2.23032e-05
         268   -0.974004   -0.974152 2.22269e-05
         269   -0.973917   -0.974151 2.21614e-05
         270   -0.973982   -0.974151 2.20882e-05
         271   -0.974233   -0.974151 2.20088e-05
         272   -0.974268   -0.974152 2.19321e-05
         273   -0.974615   -0.974153 2.19174e-05
         274   -0.974309   -0.974154 2.18447e-05
         275    -0.97425   -0.974154 2.17681e-05
         276   -0.973883   -0.974153 2.17115e-05
         277   -0.973798   -0.974152 2.16709e-05
         278   -0.973961   -0.974151 2.16038e-05
         279   -0.974027   -0.974151  2.1531e-05
         280   -0.974456   -0.974152 2.14816e-05
         281   -0.973788   -0.974151 2.14441e-05
         282   -0.974555   -0.974152 2.14159e-05
         283   -0.974682   -0.974154 2.14221e-05
         284   -0.974043   -0.974153 2.13502e-05
         285   -0.973643   -0.974152 2.13503e-05
         286   -0.974433   -0.974153 2.12984e-05
         287   -0.973944   -0.974152 2.12365e-05
         288   -0.974408   -0.974153 2.11814e-05
         289   -0.973276    -0.97415 2.13241e-05
         290   -0.973965   -0.974149 2.12601e-05
         291   -0.974104   -0.974149 2.11876e-05
         292   -0.974112   -0.974149 2.11154e-05
         293   -0.974244   -0.974149 2.10458e-05
         294   -0.973632   -0.974147 2.10475e-05
         295   -0.974109   -0.974147 2.09765e-05
         296   -0.974023   -0.974147 2.09099e-05
         297   -0.974292   -0.974147 2.08452e-05
         298   -0.973875   -0.974146 2.07953e-05
         299   -0.973566   -0.974144 2.08162e-05
         300    -0.97433   -0.974145  2.0756e-05
         301   -0.974688   -0.974147 2.07652e-05
         302   -0.973783   -0.974146 2.07313e-05
         303   -0.974159   -0.974146  2.0663e-05
         304   -0.973887   -0.974145 2.06125e-05
         305   -0.974515   -0.974146 2.05805e-05
         306   -0.973977   -0.974146 2.05206e-05
         307   -0.973914   -0.974145 2.04677e-05
         308   -0.974292   -0.974145 2.04068e-05
         309   -0.974207   -0.974145 2.03417e-05
         310   -0.973975   -0.974145 2.02835e-05
         311   -0.974508   -0.974146 2.02519e-05
         312   -0.974215   -0.974146 2.01882e-05
         313    -0.97427   -0.974147 2.01276e-05
         314   -0.974213   -0.974147 2.00646e-05
         315   -0.974662   -0.974149 2.00674e-05
         316   -0.974044   -0.974148 2.00066e-05
         317   -0.973707   -0.974147  1.9992e-05
         318   -0.973565   -0.974145 2.00126e-05
         319   -0.974583   -0.974146  1.9997e-05
         320   -0.974601   -0.974148 1.99848e-05
         321   -0.974314   -0.974148 1.99293e-05
         322   -0.973955   -0.974148 1.98765e-05
         323   -0.974778    -0.97415 1.99105e-05
         324   -0.973982   -0.974149 1.98558e-05
         325    -0.97419   -0.974149 1.97952e-05
         326   -0.974394    -0.97415 1.97486e-05
         327   -0.974195    -0.97415 1.96887e-05
         328   -0.973731   -0.974149   1.967e-05
         329   -0.973826   -0.974148 1.96347e-05
         330   -0.973621   -0.974146 1.96401e-05
         331     -0.9744   -0.974147 1.95957e-05
         332   -0.974397   -0.974148 1.95512e-05
         333   -0.974384   -0.974149 1.95053e-05
         334   -0.973987   -0.974148 1.94529e-05
         335   -0.974447   -0.974149 1.94153e-05
         336   -0.973861   -0.974148 1.93764e-05
         337   -0.974245   -0.974148 1.93211e-05
         338   -0.974258   -0.974149 1.92666e-05
         339   -0.974599    -0.97415 1.92554e-05
         340   -0.974612   -0.974151 1.92467e-05
         341    -0.97434   -0.974152 1.91982e-05
         342   -0.973648    -0.97415 1.91984e-05
         343   -0.974814   -0.974152 1.92398e-05
         344   -0.974025   -0.974152 1.91874e-05
         345   -0.974068   -0.974152 1.91334e-05
         346   -0.974357   -0.974152 1.90873e-05
         347   -0.973478    -0.97415 1.91309e-05
         348   -0.974257   -0.974151 1.90783e-05
         349   -0.974164   -0.974151 1.90237e-05
         350   -0.974012    -0.97415 1.89735e-05
         351   -0.973952    -0.97415 1.89279e-05
         352   -0.973736   -0.974149 1.89106e-05
         353   -0.974434   -0.974149 1.88743e-05
         354   -0.974055   -0.974149 1.88228e-05
         355    -0.97332   -0.974147  1.8914e-05
         356   -0.974164   -0.974147  1.8861e-05
         357   -0.973771   -0.974146 1.88374e-05
         358   -0.973375   -0.974144 1.89075e-05
         359   -0.974581   -0.974145 1.88941e-05
         360   -0.973903   -0.974144 1.88536e-05
         361   -0.973864   -0.974143 1.88174e-05
         362   -0.973728   -0.974142 1.88004e-05
         363   -0.974021   -0.974142 1.87515e-05
         364   -0.974592   -0.974143 1.87407e-05
         365   -0.974616   -0.974145 1.87341e-05
         366   -0.974366   -0.974145 1.86927e-05
         367   -0.974172   -0.974145 1.86419e-05
         368   -0.973819   -0.974144 1.86123e-05
         369   -0.974148   -0.974144 1.85618e-05
         370   -0.974433   -0.974145 1.85281e-05
         371   -0.974597   -0.974146 1.85182e-05
         372    -0.97308   -0.974143 1.86891e-05
         373    -0.97424   -0.974144 1.86407e-05
         374    -0.97415   -0.974144 1.85909e-05
         375   -0.974832   -0.974146 1.86318e-05
         376   -0.973856   -0.974145 1.85981e-05
         377   -0.973993   -0.974144 1.85532e-05
         378   -0.974051   -0.974144 1.85057e-05
         379   -0.974278   -0.974144 1.84603e-05
         380   -0.974345   -0.974145 1.84193e-05
         381   -0.974633   -0.974146 1.84153e-05
         382   -0.974137   -0.974146 1.83671e-05
         383   -0.973549   -0.974145 1.83853e-05
         384   -0.973631   -0.974143 1.83861e-05
         385   -0.973919   -0.974143 1.83475e-05
         386   -0.974142   -0.974143    1.83e-05
         387   -0.974192   -0.974143 1.82532e-05
         388    -0.97381   -0.974142 1.82263e-05
         389   -0.973926   -0.974142 1.81879e-05
         390   -0.974175   -0.974142 1.81414e-05
         391   -0.974031   -0.974141 1.80972e-05
         392   -0.973996   -0.974141 1.80549e-05
         393   -0.974094   -0.974141 1.80093e-05
         394   -0.974207   -0.974141 1.79644e-05
         395   -0.973775    -0.97414 1.79428e-05
         396   -0.974709   -0.974141  1.7955e-05
         397   -0.975015   -0.974144  1.8044e-05
         398   -0.974244   -0.974144 1.80005e-05
         399   -0.973629   -0.974143 1.80016e-05
         400   -0.974195   -0.974143 1.79571e-05
         401   -0.974529   -0.974144 1.79381e-05
         402   -0.974523   -0.974145 1.79183e-05
         403   -0.973973   -0.974144 1.78789e-05
         404   -0.974011   -0.974144 1.78377e-05
         405   -0.974409   -0.974145 1.78056e-05
         406   -0.972962   -0.974142 1.79986e-05
         407   -0.974182   -0.974142 1.79547e-05
         408   -0.974619   -0.974143 1.79487e-05
         409   -0.974652   -0.974144 1.79479e-05
         410   -0.973871   -0.974144 1.79165e-05
         411   -0.974621   -0.974145 1.79104e-05
         412    -0.97429   -0.974145 1.78704e-05
         413   -0.973958   -0.974145 1.78329e-05
         414   -0.974078   -0.974144 1.77906e-05
         415   -0.974341   -0.974145  1.7754e-05
         416   -0.973829   -0.974144 1.77276e-05
         417   -0.974158   -0.974144 1.76851e-05
         418   -0.973978   -0.974144 1.76473e-05
         419   -0.974483   -0.974145 1.76237e-05
         420   -0.974272   -0.974145 1.75844e-05
         421   -0.974259   -0.974145 1.75447e-05
         422   -0.974121   -0.974145 1.75032e-05
         423   -0.974499   -0.974146 1.74818e-05
         424   -0.974417   -0.974147 1.74523e-05
         425   -0.974335   -0.974147 1.74168e-05
         426   -0.973751   -0.974146 1.74007e-05
         427    -0.97469   -0.974147 1.74066e-05
         428   -0.974198   -0.974147 1.73663e-05
         429   -0.974101   -0.974147 1.73262e-05
         430   -0.974411   -0.974148 1.72967e-05
         431   -0.974481   -0.974149 1.72739e-05
         432   -0.974298   -0.974149 1.72373e-05
         433   -0.974025   -0.974149 1.71999e-05
         434   -0.973057   -0.974146 1.73432e-05
         435   -0.974189   -0.974146 1.73036e-05
         436    -0.97412   -0.974146  1.7264e-05
         437   -0.974017   -0.974146  1.7227e-05
         438    -0.97443   -0.974147 1.71999e-05
         439   -0.974381   -0.974147  1.7169e-05
         440   -0.973732   -0.974146 1.71558e-05
         441    -0.97448   -0.974147 1.71336e-05
         442   -0.974819   -0.974149 1.71621e-05
         443   -0.974378   -0.974149 1.71312e-05
         444   -0.974679    -0.97415 1.71342e-05
         445   -0.974503   -0.974151  1.7114e-05
         446   -0.974831   -0.974153 1.71434e-05
         447   -0.974626   -0.974154 1.71377e-05
         448   -0.974318   -0.974154 1.71034e-05
         449   -0.974627   -0.974155 1.70977e-05
         450   -0.974227   -0.974155 1.70605e-05
         451   -0.974262   -0.974155 1.70243e-05
         452   -0.974826   -0.974157 1.70512e-05
         453   -0.973908   -0.974156 1.70224e-05
         454   -0.973829   -0.974156 1.70001e-05
         455   -0.974674   -0.974157 1.70009e-05
         456   -0.974623   -0.974158 1.69943e-05
         457   -0.974426   -0.974158 1.69672e-05
         458   -0.973913   -0.974158 1.69387e-05
         459   -0.974078   -0.974158 1.69027e-05
         460   -0.973689   -0.974157 1.68966e-05
         461   -0.974239   -0.974157 1.68609e-05
         462   -0.974666   -0.974158 1.68604e-05
         463   -0.973664   -0.974157 1.68578e-05
         464   -0.973644   -0.974156 1.68577e-05
         465   -0.974132   -0.974156 1.68215e-05
         466    -0.97463   -0.974157 1.68161e-05
         467   -0.973866   -0.974156 1.67917e-05
         468   -0.974206   -0.974156 1.67561e-05
         469   -0.974493   -0.974157 1.67358e-05
         470   -0.974129   -0.974157 1.67003e-05
         471   -0.974154   -0.974157 1.66648e-05
         472   -0.973993   -0.974157 1.66331e-05
         473   -0.974372   -0.974157 1.66042e-05
         474    -0.97439   -0.974158 1.65765e-05
         475   -0.974083   -0.974157 1.65423e-05
         476   -0.974467   -0.974158 1.65204e-05
         477   -0.974907    -0.97416 1.65601e-05
         478   -0.974452    -0.97416 1.65368e-05
         479    -0.97402    -0.97416 1.65049e-05
         480   -0.974205    -0.97416 1.64707e-05
         481    -0.97354   -0.974159 1.64869e-05
         482   -0.974088   -0.974159 1.64534e-05
         483   -0.973845   -0.974158 1.64321e-05
         484   -0.974073   -0.974158 1.63991e-05
         485   -0.974214   -0.974158 1.63657e-05
         486   -0.974371   -0.974158 1.63379e-05
         487   -0.973869   -0.974158 1.63151e-05
         488   -0.973987   -0.974157 1.62854e-05
         489   -0.974208   -0.974157 1.62524e-05
         490   -0.974188   -0.974158 1.62194e-05
         491   -0.973461   -0.974156 1.62483e-05
         492   -0.974426   -0.974157 1.62245e-05
         493   -0.974048   -0.974156 1.61931e-05
         494   -0.973275   -0.974155 1.62584e-05
         495   -0.974846   -0.974156 1.62855e-05
         496   -0.974276   -0.974156 1.62544e-05
         497   -0.974467   -0.974157 1.62337e-05
         498    -0.97371   -0.974156 1.62259e-05
         499   -0.974047   -0.974156 1.61949e-05
         500   -0.974045   -0.974156  1.6164e-05
