#     BLOCK:   ACTUAL_T:     T_AVE:       ERROR:
           1     1.24429     1.24429           0
           2     1.16233     1.20331   0.0289753
           3     1.12667     1.17776   0.0284285
           4     1.12607     1.16484   0.0240807
           5     1.14582     1.16104   0.0195626
           6     1.13842     1.15727   0.0166613
           7     1.12675     1.15291   0.0148405
           8     1.11541     1.14822   0.0137058
           9     1.15473     1.14894    0.012202
          10     1.12934     1.14698   0.0111382
          11     1.14008     1.14636   0.0101433
          12     1.14335     1.14611  0.00930111
          13      1.1376     1.14545  0.00860862
          14     1.17192     1.14734  0.00819874
          15     1.12155     1.14562   0.0078304
          16     1.13128     1.14473  0.00739214
          17     1.13164     1.14396  0.00699728
          18     1.16161     1.14494   0.0066769
          19     1.15582     1.14551  0.00634999
          20     1.12119     1.14429  0.00614781
          21      1.1404     1.14411  0.00585786
          22     1.13063     1.14349  0.00562355
          23     1.15983     1.14421  0.00542373
          24     1.13693      1.1439   0.0052062
          25     1.14746     1.14404  0.00499989
          26      1.1107     1.14276  0.00496934
          27     1.14722     1.14293  0.00478803
          28     1.09753     1.14131  0.00488385
          29     1.15446     1.14176  0.00473647
          30     1.11188     1.14076  0.00468214
          31     1.15515     1.14123  0.00455404
          32     1.15091     1.14153  0.00442178
          33     1.15014     1.14179  0.00429548
          34     1.17712     1.14283  0.00429295
          35     1.12759     1.14239  0.00419233
          36     1.12296     1.14185  0.00411048
          37     1.11252     1.14106  0.00407513
          38     1.15212     1.14135  0.00397826
          39     1.13644     1.14123  0.00387825
          40     1.14445     1.14131  0.00378213
          41     1.10913     1.14052  0.00377044
          42     1.14842     1.14071  0.00368535
          43     1.11428      1.1401  0.00365055
          44     1.15641     1.14047  0.00358636
          45     1.13793     1.14041  0.00350711
          46     1.11755     1.13991  0.00346591
          47     1.14012     1.13992  0.00339217
          48     1.10621     1.13922  0.00339341
          49      1.1275     1.13898  0.00333257
          50     1.14087     1.13901  0.00326614
          51     1.12731     1.13878  0.00321015
          52     1.14032     1.13881  0.00314855
          53     1.11321     1.13833  0.00312598
          54     1.13661      1.1383  0.00306826
          55     1.14421     1.13841  0.00301435
          56     1.14305     1.13849  0.00296166
          57     1.14008     1.13852  0.00290984
          58     1.14704     1.13866  0.00286338
          59     1.15481     1.13894  0.00282788
          60     1.14298     1.13901  0.00278156
          61     1.11845     1.13867  0.00275629
          62     1.15545     1.13894  0.00272509
          63     1.14529     1.13904   0.0026837
          64     1.13841     1.13903  0.00264178
          65     1.15075     1.13921  0.00260728
          66     1.14691     1.13933  0.00257039
          67     1.15615     1.13958  0.00254426
          68     1.15701     1.13983  0.00251972
          69     1.11638     1.13949  0.00250603
          70     1.11348     1.13912  0.00249763
          71      1.1255     1.13893   0.0024698
          72      1.1392     1.13894   0.0024355
          73     1.14112     1.13897  0.00240233
          74      1.1106     1.13858  0.00240024
          75     1.13702     1.13856  0.00236833
          76      1.1536     1.13876  0.00234542
          77     1.14384     1.13882  0.00231589
          78      1.1031     1.13837  0.00233104
          79     1.17496     1.13883   0.0023471
          80     1.16782     1.13919  0.00234557
          81      1.1404     1.13921  0.00231666
          82     1.17634     1.13966  0.00233226
          83     1.13778     1.13964  0.00230427
          84     1.14122     1.13966  0.00227691
          85     1.14305      1.1397  0.00225047
          86     1.16395     1.13998   0.0022419
          87     1.14328     1.14002  0.00221645
          88     1.18238      1.1405  0.00224294
          89     1.13172      1.1404  0.00221991
          90     1.10758     1.14003  0.00222499
          91     1.11678     1.13978  0.00221517
          92     1.11863     1.13955  0.00220298
          93     1.15121     1.13967  0.00218286
          94     1.14165      1.1397  0.00215973
          95     1.12784     1.13957   0.0021406
          96     1.13009     1.13947  0.00212058
          97     1.15075     1.13959  0.00210191
          98     1.11872     1.13938  0.00209122
          99     1.14693     1.13945  0.00207149
         100     1.13889     1.13945  0.00205078
         101     1.19711     1.14002  0.00210845
         102     1.13094     1.13993  0.00208965
         103     1.18251     1.14034  0.00210987
         104     1.15792     1.14051  0.00209634
         105     1.12868      1.1404   0.0020794
         106     1.15743     1.14056  0.00206598
         107     1.12892     1.14045  0.00204953
         108     1.15912     1.14062  0.00203783
         109     1.12674     1.14049  0.00202311
         110     1.16458     1.14071  0.00201653
         111     1.15025      1.1408  0.00200019
         112     1.15291     1.14091  0.00198526
         113     1.12603     1.14078  0.00197205
         114     1.13952     1.14077  0.00195478
         115     1.17356     1.14105  0.00195847
         116     1.13498       1.141  0.00194229
         117     1.13797     1.14097  0.00192586
         118     1.12934     1.14087  0.00191206
         119     1.13338     1.14081  0.00189703
         120     1.13017     1.14072  0.00188329
         121     1.17586     1.14101  0.00188998
         122     1.17628      1.1413  0.00189646
         123      1.1398     1.14129  0.00188108
         124      1.1436     1.14131  0.00186601
         125     1.14397     1.14133   0.0018512
         126     1.16423     1.14151  0.00184541
         127     1.14721     1.14156  0.00183143
         128      1.1374     1.14152  0.00181741
         129     1.15698     1.14164  0.00180726
         130     1.10464     1.14136  0.00181563
         131     1.17613     1.14162  0.00182107
         132     1.13753     1.14159  0.00180754
         133     1.16455     1.14177  0.00180217
         134     1.14697      1.1418  0.00178914
         135     1.17026     1.14202  0.00178826
         136     1.11487     1.14182  0.00178622
         137     1.12569      1.1417  0.00177705
         138     1.15378     1.14179  0.00176633
         139     1.16057     1.14192  0.00175878
         140     1.17111     1.14213  0.00175853
         141     1.16595      1.1423  0.00175416
         142      1.1593     1.14242  0.00174588
         143     1.15791     1.14253  0.00173703
         144     1.16251     1.14266  0.00173051
         145     1.15439     1.14275  0.00172046
         146     1.11992     1.14259  0.00171577
         147     1.13302     1.14252  0.00170533
         148     1.16789      1.1427  0.00170239
         149     1.14284      1.1427  0.00169097
         150     1.15598     1.14279  0.00168201
         151     1.16136     1.14291  0.00167537
         152     1.12322     1.14278  0.00166935
         153     1.12147     1.14264  0.00166424
         154     1.12671     1.14254  0.00165664
         155     1.16342     1.14267  0.00165142
         156     1.15253     1.14273  0.00164205
         157     1.12148      1.1426  0.00163716
         158     1.17584     1.14281  0.00164025
         159     1.14379     1.14281  0.00162995
         160     1.15001     1.14286  0.00162038
         161     1.13641     1.14282  0.00161081
         162     1.12937     1.14274  0.00160301
         163      1.1901     1.14303   0.0016193
         164      1.1371     1.14299  0.00160983
         165     1.13704     1.14296  0.00160048
         166     1.17533     1.14315  0.00160267
         167     1.11615     1.14299  0.00160121
         168     1.11884     1.14284  0.00159812
         169     1.08584     1.14251  0.00162386
         170     1.16183     1.14262  0.00161828
         171     1.13035     1.14255  0.00161041
         172     1.14095     1.14254  0.00160108
         173     1.12456     1.14244  0.00159519
         174     1.14873     1.14247  0.00158643
         175     1.14412     1.14248   0.0015774
         176     1.10428     1.14226   0.0015833
         177     1.16763     1.14241  0.00158083
         178     1.16225     1.14252  0.00157587
         179     1.13267     1.14246  0.00156803
         180     1.11642     1.14232  0.00156598
         181     1.11759     1.14218  0.00156327
         182     1.13452     1.14214  0.00155525
         183     1.12082     1.14202  0.00155111
         184     1.13624     1.14199    0.001543
         185     1.14947     1.14203  0.00153519
         186     1.13039     1.14197  0.00152821
         187     1.14142     1.14197  0.00152004
         188     1.16265     1.14208  0.00151593
         189      1.1382     1.14206  0.00150805
         190     1.12403     1.14196  0.00150309
         191     1.16362     1.14208  0.00149949
         192     1.11785     1.14195  0.00149698
         193     1.11597     1.14182  0.00149527
         194     1.13733     1.14179  0.00148774
         195     1.12801     1.14172  0.00148179
         196     1.15338     1.14178  0.00147542
         197     1.16951     1.14192  0.00147463
         198     1.14008     1.14191  0.00146721
         199     1.11773     1.14179  0.00146486
         200     1.12558     1.14171  0.00145978
         201     1.15253     1.14176  0.00145351
         202     1.14365     1.14177  0.00144634
         203     1.10598      1.1416  0.00144993
         204     1.11589     1.14147  0.00144829
         205     1.14997     1.14151  0.00144182
         206     1.16089     1.14161  0.00143788
         207     1.18973     1.14184  0.00144961
         208     1.18412     1.14204  0.00145682
         209      1.1525     1.14209  0.00145071
         210     1.10165      1.1419  0.00145653
         211     1.12774     1.14183  0.00145117
         212     1.14059     1.14183  0.00144434
         213     1.13013     1.14177   0.0014386
         214     1.12631      1.1417  0.00143369
         215     1.10981     1.14155  0.00143467
         216     1.12353     1.14147  0.00143045
         217     1.14757      1.1415  0.00142414
         218     1.16199     1.14159   0.0014207
         219     1.15283     1.14164  0.00141514
         220     1.15717     1.14171  0.00141047
         221     1.13168     1.14167  0.00140482
         222     1.13512     1.14164   0.0013988
         223     1.15908     1.14171  0.00139471
         224     1.15723     1.14178   0.0013902
         225     1.14086     1.14178  0.00138403
         226     1.13387     1.14175  0.00137835
         227     1.12023     1.14165  0.00137553
         228     1.13196     1.14161  0.00137015
         229     1.15193     1.14165  0.00136491
         230     1.15771     1.14172  0.00136076
         231     1.13591      1.1417   0.0013551
         232     1.12811     1.14164  0.00135053
         233     1.09928     1.14146  0.00135691
         234     1.14168     1.14146  0.00135111
         235     1.16491     1.14156  0.00134904
         236     1.11623     1.14145  0.00134759
         237     1.16037     1.14153  0.00134427
         238     1.12369     1.14146  0.00134071
         239     1.14084     1.14145   0.0013351
         240     1.13273     1.14142  0.00133003
         241     1.13914     1.14141  0.00132455
         242     1.12782     1.14135  0.00132026
         243     1.14326     1.14136  0.00131485
         244     1.12863     1.14131   0.0013105
         245     1.15099     1.14135  0.00130575
         246     1.14366     1.14136  0.00130047
         247     1.16328     1.14144  0.00129823
         248     1.15351     1.14149  0.00129391
         249     1.12718     1.14144  0.00128999
         250     1.15383     1.14148  0.00128578
         251     1.11125     1.14136  0.00128629
         252     1.14579     1.14138   0.0012813
         253     1.10961     1.14126  0.00128238
         254     1.11892     1.14117  0.00128034
         255     1.16515     1.14126  0.00127877
         256      1.1501      1.1413  0.00127424
         257     1.14172      1.1413  0.00126928
         258     1.15911     1.14137  0.00126624
         259     1.13344     1.14134  0.00126172
         260     1.13304     1.14131  0.00125727
         261     1.13457     1.14128  0.00125272
         262      1.1615     1.14136  0.00125031
         263      1.1553     1.14141  0.00124668
         264     1.13718     1.14139  0.00124206
         265     1.15094     1.14143   0.0012379
         266     1.14867     1.14146  0.00123354
         267     1.19396     1.14165   0.0012445
         268     1.17123     1.14176  0.00124474
         269     1.12573      1.1417  0.00124154
         270     1.13348     1.14167  0.00123731
         271     1.13564     1.14165  0.00123295
         272     1.13314     1.14162  0.00122881
         273     1.14797     1.14164  0.00122453
         274     1.16728     1.14174  0.00122363
         275     1.13817     1.14172  0.00121925
         276     1.14157     1.14172  0.00121483
         277     1.11505     1.14163  0.00121426
         278     1.15818     1.14169  0.00121135
         279     1.17521     1.14181  0.00121295
         280     1.14799     1.14183  0.00120882
         281     1.16298      1.1419  0.00120686
         282     1.12984     1.14186  0.00120334
         283      1.1679     1.14195   0.0012026
         284     1.13975     1.14195  0.00119839
         285     1.15266     1.14198  0.00119477
         286     1.14128     1.14198   0.0011906
         287     1.13796     1.14197  0.00118653
         288     1.16425     1.14204  0.00118493
         289     1.13867     1.14203  0.00118089
         290     1.12302     1.14197  0.00117864
         291     1.18993     1.14213  0.00118605
         292     1.12823     1.14208  0.00118295
         293     1.13883     1.14207  0.00117896
         294     1.15484     1.14212  0.00117575
         295     1.16994     1.14221  0.00117554
         296     1.15555     1.14226  0.00117243
         297     1.15307     1.14229  0.00116905
         298      1.1298     1.14225  0.00116588
         299     1.14744     1.14227  0.00116211
         300     1.11802     1.14219  0.00116104
         301     1.16232     1.14225  0.00115911
         302     1.11844     1.14218  0.00115795
         303     1.14377     1.14218  0.00115414
         304     1.12591     1.14213  0.00115159
         305     1.18871     1.14228  0.00115789
         306     1.14356     1.14228  0.00115412
         307     1.11972     1.14221   0.0011527
         308     1.13148     1.14218  0.00114948
         309      1.0925     1.14201  0.00115695
         310     1.14194     1.14201  0.00115321
         311     1.11797     1.14194  0.00115209
         312     1.15019     1.14196  0.00114871
         313     1.16421     1.14203  0.00114723
         314     1.16189      1.1421  0.00114532
         315     1.12958     1.14206  0.00114237
         316     1.15338     1.14209  0.00113932
         317     1.12691     1.14205  0.00113673
         318     1.17254     1.14214   0.0011372
         319     1.14948     1.14216  0.00113386
         320     1.11492     1.14208  0.00113351
         321     1.13566     1.14206  0.00113016
         322     1.16512     1.14213  0.00112891
         323     1.14369     1.14214  0.00112543
         324     1.16684     1.14221  0.00112454
         325     1.12837     1.14217  0.00112188
         326     1.18802     1.14231  0.00112722
         327     1.10554      1.1422  0.00112937
         328     1.14575     1.14221  0.00112598
         329     1.11924     1.14214  0.00112472
         330     1.12857      1.1421  0.00112206
         331     1.15794     1.14215  0.00111969
         332     1.11399     1.14206  0.00111953
         333     1.12538     1.14201  0.00111729
         334     1.13828       1.142    0.001114
         335     1.13364     1.14197  0.00111095
         336     1.19517     1.14213  0.00111887
         337     1.13147      1.1421    0.001116
         338     1.14412     1.14211  0.00111271
         339     1.15116     1.14213  0.00110975
         340     1.14039     1.14213   0.0011065
         341     1.12721     1.14209  0.00110412
         342     1.11513     1.14201   0.0011037
         343     1.12985     1.14197  0.00110105
         344     1.09021     1.14182  0.00110808
         345     1.12714     1.14178  0.00110569
         346     1.15854     1.14183  0.00110355
         347     1.13008     1.14179  0.00110089
         348     1.13195     1.14176  0.00109809
         349     1.12485     1.14172  0.00109601
         350      1.1372      1.1417  0.00109296
         351     1.14255     1.14171  0.00108985
         352      1.1354     1.14169   0.0010869
         353     1.13668     1.14167  0.00108391
         354     1.12595     1.14163  0.00108176
         355     1.13957     1.14162  0.00107873
         356     1.16422     1.14169  0.00107756
         357     1.20301     1.14186  0.00108815
         358      1.1598     1.14191  0.00108626
         359      1.1227     1.14185  0.00108456
         360     1.11254     1.14177   0.0010846
         361     1.15831     1.14182  0.00108256
         362     1.12707     1.14178  0.00108033
         363     1.13351     1.14176   0.0010776
         364     1.14516     1.14177  0.00107468
         365     1.13304     1.14174    0.001072
         366     1.15856     1.14179  0.00107006
         367     1.10188     1.14168  0.00107265
         368     1.12086     1.14162  0.00107123
         369      1.1328      1.1416  0.00106859
         370      1.1654     1.14166  0.00106764
         371     1.18913     1.14179   0.0010724
         372     1.18869     1.14192   0.0010769
         373     1.12666     1.14188  0.00107479
         374     1.17026     1.14195  0.00107459
         375     1.14846     1.14197  0.00107187
         376     1.17202     1.14205  0.00107199
         377     1.13759     1.14204  0.00106921
         378     1.13962     1.14203  0.00106641
         379     1.13465     1.14201  0.00106377
         380     1.16097     1.14206  0.00106214
         381     1.15898     1.14211  0.00106028
         382     1.12526     1.14206  0.00105842
         383     1.11286     1.14198   0.0010584
         384     1.14438     1.14199  0.00105566
         385     1.15021     1.14201  0.00105314
         386     1.10978     1.14193  0.00105371
         387     1.13671     1.14192  0.00105108
         388     1.12501     1.14187  0.00104927
         389      1.1398     1.14187  0.00104659
         390     1.15122     1.14189  0.00104418
         391     1.15505     1.14192  0.00104205
         392     1.15632     1.14196  0.00104004
         393      1.1551     1.14199  0.00103793
         394     1.15492     1.14203  0.00103581
         395     1.14828     1.14204  0.00103331
         396      1.1663      1.1421  0.00103252
         397     1.17142     1.14218  0.00103255
         398     1.14467     1.14218  0.00102998
         399     1.13589     1.14217  0.00102752
         400     1.15217     1.14219  0.00102525
         401     1.13455     1.14217  0.00102287
         402     1.14017     1.14217  0.00102034
         403     1.12891     1.14214  0.00101834
         404     1.15126     1.14216  0.00101607
         405     1.15972      1.1422  0.00101448
         406     1.14692     1.14221  0.00101205
         407     1.14195     1.14221  0.00100957
         408     1.17354     1.14229  0.00101001
         409     1.15682     1.14233  0.00100816
         410      1.1563     1.14236  0.00100628
         411     1.12935     1.14233  0.00100433
         412     1.12585     1.14229  0.00100269
         413     1.10799     1.14221  0.00100369
         414     1.13081     1.14218  0.00100165
         415     1.16058     1.14222  0.00100021
         416     1.14828     1.14224 0.000997916
         417     1.12329     1.14219 0.000996557
         418     1.14004     1.14219 0.000994186
         419     1.13509     1.14217 0.000991957
         420     1.11613     1.14211 0.000991531
         421     1.14178     1.14211 0.000989177
         422     1.13371     1.14209 0.000987033
         423     1.12729     1.14205 0.000985319
         424     1.15611     1.14208 0.000983553
         425     1.13453     1.14207 0.000981399
         426     1.14905     1.14208 0.000979232
         427     1.15132      1.1421 0.000977178
         428     1.13144     1.14208 0.000975212
         429     1.17404     1.14215 0.000975781
         430     1.14748     1.14217 0.000973591
         431     1.15484      1.1422 0.000971775
         432      1.1513     1.14222 0.000969755
         433      1.1356      1.1422 0.000967635
         434     1.16078     1.14224 0.000966352
         435     1.12925     1.14221 0.000964592
         436     1.15425     1.14224 0.000962775
         437     1.18146     1.14233 0.000964745
         438     1.19085     1.14244 0.000968882
         439     1.13345     1.14242 0.000966892
         440     1.13437      1.1424 0.000964867
         441     1.15343     1.14243 0.000963003
         442     1.11028     1.14236 0.000963567
         443     1.13239     1.14233 0.000961655
         444     1.13971     1.14233 0.000959507
         445     1.10874     1.14225 0.000960315
         446     1.15123     1.14227 0.000958373
         447     1.14498     1.14228 0.000956248
         448      1.1361     1.14227 0.000954212
         449     1.15953      1.1423 0.000952862
         450     1.16259     1.14235  0.00095181
         451     1.12746     1.14232 0.000950272
         452     1.12064     1.14227 0.000949379
         453     1.14489     1.14227   0.0009473
         454     1.11827     1.14222 0.000946688
         455      1.1315      1.1422 0.000944901
         456     1.15916     1.14223 0.000943561
         457     1.14147     1.14223 0.000941497
         458     1.16015     1.14227 0.000940254
         459      1.1735     1.14234 0.000940664
         460     1.12891     1.14231 0.000939072
         461     1.13838      1.1423 0.000937074
         462     1.17762     1.14238  0.00093816
         463      1.1358     1.14236 0.000936241
         464     1.12801     1.14233 0.000934734
         465     1.15855     1.14237 0.000933374
         466     1.11749     1.14231 0.000932897
         467     1.11913     1.14227  0.00093222
         468     1.15994      1.1423 0.000930993
         469     1.14183      1.1423 0.000929008
         470      1.1021     1.14222 0.000930962
         471     1.14275     1.14222 0.000928986
         472     1.14073     1.14221 0.000927023
         473     1.13499      1.1422 0.000925189
         474     1.11234     1.14214 0.000925379
         475     1.13938     1.14213 0.000923449
         476     1.15526     1.14216  0.00092192
         477     1.13816     1.14215 0.000920026
         478     1.11149     1.14209 0.000920334
         479     1.12969     1.14206 0.000918776
         480     1.17733     1.14213 0.000919796
         481     1.12625      1.1421 0.000918476
         482     1.13883     1.14209 0.000916596
         483     1.18065     1.14217 0.000918168
         484      1.1606     1.14221  0.00091706
         485     1.14195     1.14221 0.000915169
         486     1.13545      1.1422 0.000913392
         487     1.11213     1.14213 0.000913601
         488     1.17508      1.1422  0.00091422
         489     1.11669     1.14215 0.000913838
         490     1.13595     1.14214  0.00091206
         491      1.1081     1.14207 0.000912833
         492     1.16308     1.14211 0.000911976
         493     1.12734     1.14208 0.000910618
         494      1.1556     1.14211 0.000909186
         495     1.16888     1.14216 0.000908957
         496     1.11047      1.1421 0.000909366
         497      1.1505     1.14212 0.000907694
         498     1.15624     1.14214 0.000906314
         499     1.13234     1.14212 0.000904711
         500     1.16119     1.14216 0.000903705
