#     BLOCK:   ACTUAL_T:     T_AVE:       ERROR:
           1     1.23097     1.23097           0
           2      1.1485     1.18973   0.0291578
           3     1.12656     1.16867   0.0259521
           4     1.13024     1.15907   0.0211682
           5     1.15981     1.15921   0.0169351
           6     1.14576     1.15697   0.0142602
           7     1.12694     1.15268   0.0128521
           8     1.12807     1.14961   0.0116078
           9     1.11985      1.1463   0.0107787
          10      1.1128     1.14295   0.0102081
          11     1.12924      1.1417  0.00935587
          12     1.17238     1.14426  0.00891867
          13     1.13377     1.14345  0.00826902
          14     1.16089      1.1447  0.00777161
          15     1.15717     1.14553  0.00729787
          16     1.15697     1.14625  0.00687669
          17     1.14478     1.14616  0.00647272
          18     1.15437     1.14661  0.00612917
          19     1.15553     1.14708   0.0058245
          20     1.12368     1.14591  0.00564959
          21     1.12288     1.14482  0.00548604
          22     1.11226     1.14334  0.00543256
          23     1.10867     1.14183  0.00540138
          24     1.14817     1.14209  0.00518277
          25     1.08313     1.13974  0.00548593
          26     1.11516     1.13879  0.00535577
          27     1.14357     1.13897  0.00516034
          28     1.12542     1.13848  0.00499868
          29     1.10396     1.13729  0.00496607
          30     1.13636     1.13726  0.00480064
          31     1.12749     1.13695  0.00465612
          32     1.14362     1.13715  0.00451528
          33      1.1118     1.13639  0.00444333
          34     1.14398     1.13661  0.00431824
          35     1.11818     1.13608  0.00422683
          36     1.14249     1.13626  0.00411316
          37     1.12471     1.13595  0.00401382
          38     1.15182     1.13637  0.00392986
          39     1.12023     1.13595  0.00385083
          40     1.10303     1.13513  0.00384152
          41     1.11657     1.13468   0.0037744
          42     1.12887     1.13454  0.00368706
          43     1.16181     1.13517  0.00365547
          44     1.09813     1.13433  0.00366805
          45     1.10769     1.13374  0.00363398
          46      1.1405     1.13389  0.00355795
          47     1.17648     1.13479   0.0035958
          48     1.12176     1.13452  0.00353112
          49     1.10625     1.13394  0.00350587
          50     1.10762     1.13342  0.00347505
          51      1.1036     1.13283  0.00345576
          52      1.1259      1.1327  0.00339187
          53     1.12316     1.13252  0.00333265
          54     1.11798     1.13225   0.0032818
          55     1.15268     1.13262  0.00324308
          56     1.10935     1.13221  0.00321168
          57     1.08946     1.13146  0.00324172
          58      1.1041     1.13098  0.00321997
          59     1.20627     1.13226  0.00340884
          60     1.12028     1.13206  0.00335787
          61      1.1567     1.13246  0.00332702
          62      1.1102     1.13211  0.00329269
          63     1.13772     1.13219  0.00324163
          64     1.14086     1.13233  0.00319381
          65     1.15195     1.13263   0.0031589
          66     1.12358     1.13249  0.00311402
          67     1.11881     1.13229  0.00307423
          68      1.1336     1.13231  0.00302908
          69      1.1317      1.1323  0.00298519
          70     1.12237     1.13216  0.00294591
          71     1.11863     1.13197  0.00291058
          72     1.12407     1.13186  0.00287222
          73     1.14397     1.13202  0.00283766
          74     1.13608     1.13208  0.00279984
          75     1.13613     1.13213  0.00276303
          76     1.16019      1.1325  0.00275122
          77     1.08362     1.13187  0.00278778
          78      1.1492     1.13209  0.00276088
          79     1.11395     1.13186  0.00273546
          80     1.12084     1.13172  0.00270474
          81      1.1347     1.13176   0.0026716
          82     1.11346     1.13154  0.00264832
          83     1.12599     1.13147  0.00261726
          84     1.11583     1.13128  0.00259271
          85     1.15969     1.13162  0.00258365
          86      1.1207     1.13149  0.00255672
          87     1.11971     1.13136  0.00253092
          88       1.143     1.13149  0.00250561
          89      1.1545     1.13175  0.00249077
          90     1.14368     1.13188  0.00246662
          91     1.12598     1.13181  0.00244037
          92     1.15175     1.13203  0.00242344
          93     1.08976     1.13158  0.00243963
          94     1.14491     1.13172   0.0024178
          95     1.15457     1.13196  0.00240428
          96     1.13198     1.13196  0.00237924
          97     1.12979     1.13194  0.00235482
          98     1.11491     1.13176  0.00233718
          99     1.12718     1.13172  0.00231403
         100     1.14053      1.1318  0.00229257
         101      1.1354     1.13184  0.00227015
         102     1.11112     1.13164  0.00225696
         103     1.11595     1.13148  0.00224018
         104     1.12897     1.13146  0.00221877
         105     1.12715     1.13142  0.00219802
         106      1.1082      1.1312  0.00218817
         107     1.12359     1.13113  0.00216888
         108     1.10792     1.13091  0.00215942
         109     1.13386     1.13094  0.00213978
         110     1.14914     1.13111  0.00212671
         111     1.13335     1.13113  0.00210764
         112     1.11124     1.13095  0.00209629
         113      1.1085     1.13075  0.00208714
         114     1.08802     1.13038  0.00210222
         115     1.13474     1.13041  0.00208428
         116     1.13239     1.13043  0.00206638
         117     1.14711     1.13057  0.00205363
         118     1.13001     1.13057  0.00203623
         119     1.15275     1.13076  0.00202763
         120     1.11832     1.13065  0.00201338
         121     1.13193     1.13066  0.00199677
         122     1.14245     1.13076  0.00198274
         123     1.10828     1.13058  0.00197503
         124     1.13653     1.13062  0.00195968
         125     1.11667     1.13051  0.00194718
         126     1.12361     1.13046   0.0019325
         127      1.1055     1.13026  0.00192725
         128     1.17065     1.13058  0.00193785
         129     1.15629     1.13078  0.00193306
         130     1.13561     1.13081  0.00191855
         131     1.12962      1.1308  0.00190392
         132     1.15021     1.13095  0.00189516
         133     1.12285     1.13089  0.00188189
         134     1.11384     1.13076  0.00187214
         135     1.13396     1.13079  0.00185843
         136     1.12115     1.13072  0.00184611
         137     1.10621     1.13054  0.00184128
         138     1.15118     1.13069  0.00183401
         139     1.11224     1.13055  0.00182561
         140     1.08297     1.13021  0.00184394
         141     1.09956        1.13  0.00184363
         142      1.1657     1.13025  0.00184771
         143      1.1119     1.13012  0.00183924
         144     1.13693     1.13017  0.00182708
         145     1.11924     1.13009  0.00181603
         146     1.10593     1.12993  0.00181112
         147     1.13565     1.12997  0.00179922
         148     1.12204     1.12991  0.00178786
         149      1.1201     1.12985  0.00177707
         150     1.12893     1.12984  0.00176523
         151     1.11308     1.12973  0.00175703
         152     1.15061     1.12987  0.00175083
         153     1.11868     1.12979  0.00174091
         154     1.09397     1.12956  0.00174508
         155     1.11811     1.12949  0.00173538
         156     1.13151      1.1295  0.00172431
         157     1.11661     1.12942  0.00171528
         158     1.16019     1.12961  0.00171544
         159     1.14081     1.12968   0.0017061
         160     1.13555     1.12972  0.00169583
         161     1.15848      1.1299  0.00169468
         162      1.1246     1.12986  0.00168453
         163     1.14721     1.12997  0.00167756
         164     1.14467     1.13006  0.00166972
         165     1.13229     1.13007  0.00165966
         166     1.12666     1.13005  0.00164979
         167     1.13685     1.13009  0.00164041
         168     1.11531     1.13001    0.001633
         169     1.12515     1.12998  0.00162359
         170     1.11129     1.12987  0.00161776
         171     1.09629     1.12967  0.00162017
         172      1.1299     1.12967  0.00161076
         173     1.15664     1.12983  0.00160897
         174     1.14739     1.12993  0.00160289
         175      1.0987     1.12975  0.00160363
         176     1.13217     1.12977  0.00159457
         177     1.11341     1.12967  0.00158824
         178     1.11216     1.12957  0.00158236
         179     1.13647     1.12961  0.00157399
         180     1.14214     1.12968  0.00156678
         181     1.14901     1.12979  0.00156176
         182     1.13334     1.12981   0.0015533
         183     1.09725     1.12963  0.00155497
         184     1.15131     1.12975  0.00155098
         185     1.13151     1.12976  0.00154262
         186     1.12144     1.12971  0.00153498
         187     1.12614     1.12969  0.00152689
         188     1.11082     1.12959  0.00152206
         189     1.15556     1.12973   0.0015202
         190     1.12264     1.12969  0.00151266
         191     1.13765     1.12974  0.00150531
         192     1.12827     1.12973  0.00149749
         193     1.12843     1.12972  0.00148975
         194     1.15638     1.12986  0.00148839
         195     1.13705      1.1299  0.00148122
         196     1.11325     1.12981  0.00147609
         197     1.17098     1.13002  0.00148332
         198     1.08089     1.12977  0.00149644
         199     1.11193     1.12968   0.0014916
         200     1.12581     1.12966  0.00148427
         201     1.11668      1.1296  0.00147829
         202     1.14032     1.12965  0.00147192
         203     1.12968     1.12965  0.00146467
         204     1.11487     1.12958  0.00145929
         205     1.12928     1.12958  0.00145217
         206     1.10789     1.12947  0.00144893
         207     1.11093     1.12938  0.00144469
         208     1.12479     1.12936  0.00143792
         209     1.12318     1.12933  0.00143134
         210     1.12553     1.12931  0.00142464
         211     1.11954     1.12927  0.00141864
         212      1.0892     1.12908  0.00142449
         213     1.16526     1.12925  0.00142789
         214     1.13475     1.12927  0.00142145
         215     1.13511      1.1293   0.0014151
         216     1.12584     1.12928  0.00140864
         217     1.10553     1.12917  0.00140639
         218      1.1399     1.12922   0.0014008
         219     1.12433      1.1292  0.00139458
         220      1.1472     1.12928  0.00139064
         221     1.16493     1.12944  0.00139367
         222     1.15921     1.12958  0.00139383
         223     1.13778     1.12962  0.00138806
         224      1.1243     1.12959  0.00138207
         225     1.10238     1.12947  0.00138121
         226     1.13067     1.12948  0.00137511
         227     1.13343     1.12949  0.00136916
         228      1.1571     1.12961   0.0013685
         229     1.14634     1.12969  0.00136447
         230     1.12659     1.12967   0.0013586
         231     1.12804     1.12967  0.00135274
         232     1.11665     1.12961  0.00134807
         233     1.12561     1.12959  0.00134239
         234      1.1548      1.1297  0.00134097
         235     1.14081     1.12975   0.0013361
         236     1.11209     1.12967  0.00133253
         237     1.12877     1.12967  0.00132691
         238     1.13703      1.1297   0.0013217
         239     1.11775     1.12965  0.00131711
         240     1.13598     1.12968  0.00131189
         241     1.13768     1.12971  0.00130687
         242     1.11962     1.12967  0.00130213
         243     1.13698      1.1297  0.00129712
         244     1.09075     1.12954  0.00130159
         245     1.14392      1.1296   0.0012976
         246     1.15241     1.12969  0.00129563
         247     1.16122     1.12982  0.00129666
         248     1.10864     1.12973  0.00129424
         249     1.12877     1.12973  0.00128905
         250     1.12557     1.12971    0.001284
         251     1.12113     1.12968  0.00127934
         252     1.12022     1.12964  0.00127481
         253     1.10158     1.12953  0.00127459
         254     1.11879     1.12949  0.00127028
         255     1.12545     1.12947  0.00126539
         256      1.1153     1.12942  0.00126166
         257     1.13689     1.12945  0.00125709
         258     1.11595     1.12939   0.0012533
         259     1.09216     1.12925  0.00125668
         260     1.12582     1.12924  0.00125191
         261     1.13322     1.12925  0.00124721
         262     1.11764     1.12921  0.00124324
         263      1.1279      1.1292  0.00123852
         264     1.13033     1.12921  0.00123384
         265     1.11033     1.12914  0.00123123
         266      1.1315     1.12914  0.00122664
         267     1.14238     1.12919  0.00122305
         268     1.11897     1.12916  0.00121908
         269      1.1304     1.12916  0.00121455
         270     1.12491     1.12914  0.00121016
         271     1.11609      1.1291  0.00120665
         272     1.14207     1.12914  0.00120316
         273     1.13851     1.12918  0.00119924
         274     1.14809     1.12925  0.00119685
         275     1.14472      1.1293  0.00119382
         276     1.13108     1.12931  0.00118951
         277     1.14854     1.12938  0.00118724
         278     1.15856     1.12948   0.0011876
         279     1.12498     1.12947  0.00118345
         280     1.13259     1.12948  0.00117928
         281     1.14114     1.12952  0.00117581
         282     1.15897     1.12963  0.00117627
         283     1.15078      1.1297  0.00117448
         284     1.12205     1.12967  0.00117066
         285     1.11849     1.12963  0.00116721
         286     1.13214     1.12964  0.00116316
         287     1.16593     1.12977  0.00116596
         288     1.14274     1.12981  0.00116278
         289     1.09552      1.1297  0.00116479
         290      1.1147     1.12964  0.00116192
         291     1.14894     1.12971  0.00115982
         292     1.12443     1.12969  0.00115599
         293     1.12731     1.12968  0.00115207
         294      1.1157     1.12964  0.00114914
         295     1.13342     1.12965  0.00114531
         296     1.13854     1.12968  0.00114184
         297     1.12045     1.12965  0.00113842
         298     1.14535      1.1297  0.00113581
         299     1.08572     1.12955   0.0011415
         300     1.09362     1.12943  0.00114396
         301     1.09828     1.12933  0.00114483
         302     1.10359     1.12925  0.00114421
         303     1.12036     1.12922  0.00114081
         304     1.12772     1.12921  0.00113707
         305     1.11848     1.12918  0.00113388
         306     1.12289     1.12916  0.00113036
         307     1.12227     1.12913   0.0011269
         308     1.13906     1.12916  0.00112371
         309     1.14957     1.12923  0.00112201
         310     1.13738     1.12926   0.0011187
         311     1.13725     1.12928  0.00111539
         312     1.11777     1.12925  0.00111243
         313     1.13543     1.12927  0.00110905
         314     1.12085     1.12924  0.00110584
         315      1.1073     1.12917  0.00110452
         316     1.11493     1.12912  0.00110195
         317     1.13978     1.12916  0.00109898
         318     1.11823     1.12912  0.00109606
         319     1.13193     1.12913  0.00109266
         320     1.15958     1.12923  0.00109338
         321     1.11627     1.12919  0.00109072
         322     1.12827     1.12918  0.00108734
         323     1.10218      1.1291  0.00108718
         324     1.11682     1.12906  0.00108448
         325     1.13661     1.12909   0.0010814
         326     1.09244     1.12897  0.00108391
         327     1.12817     1.12897  0.00108059
         328     1.14768     1.12903   0.0010788
         329     1.09641     1.12893  0.00108007
         330     1.11715     1.12889  0.00107739
         331     1.13579     1.12891  0.00107433
         332     1.13264     1.12893  0.00107116
         333      1.1006     1.12884  0.00107131
         334     1.14753      1.1289  0.00106956
         335     1.13986     1.12893  0.00106687
         336     1.09645     1.12883  0.00106807
         337     1.11338     1.12879  0.00106588
         338     1.13994     1.12882  0.00106324
         339     1.15123     1.12889  0.00106215
         340     1.13448      1.1289  0.00105916
         341      1.1192     1.12887  0.00105643
         342     1.14627     1.12892  0.00105457
         343     1.12085      1.1289  0.00105176
         344     1.09064     1.12879  0.00105457
         345     1.11633     1.12875  0.00105213
         346     1.12416     1.12874  0.00104917
         347      1.1041     1.12867  0.00104855
         348     1.11347     1.12863  0.00104644
         349     1.13464     1.12864  0.00104359
         350     1.12442     1.12863  0.00104067
         351      1.0858     1.12851  0.00104484
         352      1.1382     1.12854  0.00104223
         353     1.12911     1.12854  0.00103928
         354      1.1041     1.12847  0.00103864
         355     1.14992     1.12853  0.00103747
         356     1.10294     1.12846  0.00103704
         357     1.15629     1.12854  0.00103706
         358      1.1184     1.12851  0.00103455
         359     1.14409     1.12855  0.00103258
         360     1.15311     1.12862  0.00103196
         361     1.14419     1.12866  0.00103001
         362     1.14104      1.1287  0.00102773
         363     1.12589     1.12869  0.00102493
         364     1.15421     1.12876  0.00102451
         365     1.14353      1.1288   0.0010225
         366     1.13758     1.12882  0.00101998
         367     1.14679     1.12887  0.00101838
         368     1.13709     1.12889  0.00101586
         369     1.12558     1.12889  0.00101314
         370     1.10891     1.12883  0.00101184
         371     1.11208     1.12879  0.00101012
         372     1.13299      1.1288  0.00100747
         373     1.15757     1.12887  0.00100772
         374     1.15812     1.12895  0.00100805
         375      1.1209     1.12893  0.00100559
         376     1.12552     1.12892  0.00100296
         377     1.13058     1.12893  0.00100031
         378     1.10762     1.12887 0.000999249
         379     1.11916     1.12884 0.000996941
         380     1.12445     1.12883 0.000994385
         381     1.15299      1.1289 0.000993794
         382     1.15668     1.12897 0.000993851
         383     1.15178     1.12903 0.000993039
         384     1.13959     1.12906 0.000990834
         385     1.14337     1.12909 0.000988958
         386     1.11835     1.12907 0.000986787
         387      1.1546     1.12913  0.00098644
         388      1.1381     1.12915 0.000984169
         389     1.12179     1.12914 0.000981821
         390     1.11114     1.12909 0.000980387
         391     1.11762     1.12906 0.000978318
         392     1.11491     1.12902 0.000976488
         393     1.11618     1.12899 0.000974551
         394     1.12845     1.12899 0.000972078
         395     1.14827     1.12904 0.000970842
         396     1.11049     1.12899 0.000969519
         397      1.1374     1.12901 0.000967308
         398      1.1215     1.12899 0.000965062
         399      1.1346     1.12901 0.000962746
         400     1.15015     1.12906 0.000961788
         401     1.14569      1.1291 0.000960283
         402     1.10704     1.12905 0.000959461
         403     1.13961     1.12907 0.000957438
         404     1.12809     1.12907 0.000955072
         405     1.09426     1.12899 0.000956574
         406       1.103     1.12892 0.000956357
         407     1.13385     1.12893 0.000954084
         408       1.111     1.12889 0.000952758
         409     1.16306     1.12897 0.000954084
         410     1.12294     1.12896  0.00095187
         411     1.09384     1.12887 0.000953382
         412     1.15019     1.12892  0.00095247
         413     1.12903     1.12893 0.000950164
         414     1.12465     1.12891 0.000947925
         415     1.12781     1.12891 0.000945645
         416     1.16156     1.12899 0.000946622
         417     1.14654     1.12903 0.000945287
         418     1.13253     1.12904 0.000943063
         419     1.15257      1.1291 0.000942482
         420     1.11847     1.12907 0.000940578
         421     1.13794     1.12909  0.00093858
         422     1.14873     1.12914 0.000937508
         423     1.12206     1.12912 0.000935441
         424     1.14985     1.12917 0.000934511
         425      1.1345     1.12918 0.000932396
         426     1.10975     1.12914 0.000931323
         427     1.10139     1.12907 0.000931406
         428     1.06955     1.12893 0.000939554
         429     1.12431     1.12892 0.000937425
         430     1.12936     1.12892 0.000935246
         431     1.10476     1.12887 0.000934755
         432     1.13252     1.12888  0.00093263
         433     1.13409     1.12889 0.000930553
         434     1.14655     1.12893 0.000929298
         435     1.13561     1.12895 0.000927289
         436     1.15506     1.12901 0.000927094
         437     1.12551       1.129 0.000925007
         438     1.13776     1.12902 0.000923111
         439     1.13604     1.12903 0.000921147
         440     1.11243       1.129 0.000919826
         441     1.15474     1.12905 0.000919591
         442      1.1029     1.12899 0.000919413
         443     1.15017     1.12904 0.000918579
         444     1.13829     1.12906 0.000916746
         445     1.10307       1.129 0.000916545
         446     1.12261     1.12899 0.000914602
         447     1.11214     1.12895 0.000913332
         448     1.12399     1.12894 0.000911361
         449     1.10889      1.1289 0.000910424
         450     1.12163     1.12888 0.000908544
         451     1.13142     1.12889 0.000906547
         452     1.10416     1.12883 0.000906191
         453     1.09318     1.12875   0.0009076
         454     1.10703     1.12871 0.000906861
         455      1.1495     1.12875 0.000906019
         456      1.1607     1.12882 0.000906738
         457     1.16101     1.12889 0.000907485
         458     1.10852     1.12885 0.000906593
         459     1.11395     1.12881 0.000905198
         460     1.11738     1.12879 0.000903572
         461     1.09859     1.12872 0.000903984
         462     1.15605     1.12878  0.00090396
         463     1.10133     1.12872 0.000903951
         464     1.11167     1.12869  0.00090275
         465     1.15597     1.12875 0.000902713
         466     1.14965     1.12879  0.00090189
         467     1.13551     1.12881 0.000900074
         468      1.1419     1.12883 0.000898585
         469      1.1299     1.12884 0.000896672
         470     1.12567     1.12883 0.000894789
         471     1.15996     1.12889 0.000895327
         472     1.14048     1.12892 0.000893767
         473     1.11045     1.12888 0.000892729
         474     1.14263     1.12891 0.000891317
         475     1.13287     1.12892  0.00088948
         476     1.13156     1.12892 0.000887629
         477      1.1344     1.12893 0.000885842
         478     1.11312      1.1289 0.000884607
         479     1.08081      1.1288 0.000888439
         480     1.14017     1.12882 0.000886903
         481     1.10055     1.12877 0.000887006
         482     1.12452     1.12876 0.000885209
         483     1.13117     1.12876 0.000883391
         484     1.12434     1.12875 0.000881613
         485     1.10852     1.12871 0.000880782
         486     1.12729     1.12871 0.000878974
         487     1.14712     1.12875 0.000877982
         488     1.12447     1.12874 0.000876227
         489     1.15409     1.12879 0.000875967
         490     1.12571     1.12878 0.000874202
         491     1.14476     1.12882 0.000873027
         492     1.12108      1.1288 0.000871394
         493     1.10561     1.12875 0.000870895
         494      1.1419     1.12878 0.000869538
         495     1.14107      1.1288 0.000868136
         496     1.14145     1.12883  0.00086676
         497     1.16129      1.1289 0.000867473
         498     1.12245     1.12888 0.000865828
         499     1.12699     1.12888 0.000864101
         500     1.12699     1.12887 0.000862381
