TEMP:             MU:          SIGMA: 
2               0             0.5
2        0.228259        0.984232
2        0.165087         1.29111
1.98        0.250547         1.21718
1.98        0.235922         1.70345
1.98         0.61088         1.69089
1.9602        0.107863         1.57177
1.9602         1.08782         1.55997
1.9602        0.942089         1.19603
1.9406        0.591069        0.781247
1.9406        0.609924         1.14005
1.9406       0.0434935         1.49677
1.92119       0.0218437         1.74542
1.92119          0.8698         1.58776
1.92119        0.373097         1.97192
1.90198       0.0722456         1.59974
1.90198         0.34411         1.47689
1.90198        0.991341         1.00268
1.88296         1.56589         1.43381
1.88296         1.91593        0.794023
1.88296        0.901766         1.17872
1.86413        0.988975         1.42901
1.86413          1.7409         1.49369
1.86413        0.970972        0.931616
1.84549         1.60469         1.06962
1.84549         1.57131         0.85827
1.84549        0.239596          1.0749
1.82703        0.550125        0.623884
1.82703         1.22499        0.533726
1.82703        0.410235        0.468417
1.80876        0.616664       0.0303428
1.80876        0.450245        0.721519
1.80876        0.402397         1.15021
1.79068        0.324008         1.52442
1.79068        0.619017         1.78168
1.79068       0.0958679         1.93673
1.77277        0.210238         1.97047
1.77277       0.0787892           1.672
1.77277        0.128574         1.54155
1.75504        0.458671         1.50409
1.75504        0.268054         1.88154
1.75504        0.218633         1.13502
1.73749       0.0318191        0.885871
1.73749        0.523406         1.09381
1.73749         1.02719          1.1372
1.72012        0.780398         1.28645
1.72012         1.63021        0.953335
1.72012        0.350372         1.48861
1.70292        0.257906         1.49979
1.70292        0.909545         1.89685
1.70292        0.110853         1.15918
1.68589        0.326928         1.35494
1.68589        0.989618         1.71257
1.68589        0.958091         1.37239
1.66903         1.34497         1.09566
1.66903         1.61613         1.23328
1.66903        0.817315         1.12855
1.65234        0.824585          1.2662
1.65234         1.25453        0.770891
1.65234         1.26506          1.4352
1.63581        0.908154         1.24321
1.63581        0.888388         1.00984
1.63581        0.670176        0.642601
1.61946         1.24882        0.894918
1.61946         1.06947        0.972045
1.61946       0.0966315        0.516493
1.60326        0.459687        0.621399
1.60326         1.06037        0.320355
1.60326        0.110081        0.997003
1.58723        0.568436         1.08065
1.58723        0.417115         1.38351
1.58723        0.190503         1.30776
1.57136        0.202729         1.25295
1.57136        0.516856         1.18954
1.57136       0.0319444         1.40665
1.55564        0.697474         1.15376
1.55564        0.379195         1.04285
1.55564        0.299328        0.989127
1.54009        0.343332        0.964016
1.54009        0.625777        0.801835
1.54009         1.04672        0.969385
1.52469         1.04008         1.25191
1.52469         1.45037         1.18833
1.52469          1.2355         1.46138
1.50944        0.341786         1.11925
1.50944        0.606594        0.946446
1.50944          1.0508          1.0849
1.49434       0.0228426         1.02854
1.49434         0.26677         1.08584
1.49434       0.0863083         1.44404
1.4794        0.452382         1.30704
1.4794        0.174023         1.12935
1.4794       0.0489209         1.14773
1.46461        0.634318         1.26769
1.46461        0.627825        0.986339
1.46461        0.993823        0.910372
1.44996         1.41261         1.16309
1.44996         1.69715        0.587472
1.44996          2.2388        0.580313
1.43546         1.93065        0.250953
1.43546         1.04194        0.478754
1.43546        0.733738        0.201154
1.42111        0.436539        0.719272
1.42111         1.01809        0.704057
1.42111        0.826225        0.463023
1.4069         1.32275        0.581642
1.4069        0.349616        0.141171
1.4069         1.47708        0.450792
1.39283         1.19668         0.53794
1.39283          1.4035        0.238206
1.39283         1.30193         0.23042
1.3789         1.07937        0.242958
1.3789        0.607194        0.047474
1.3789         1.70693       0.0698813
1.36511         1.27022        0.190688
1.36511        0.633062          0.4902
1.36511        0.834566        0.244015
1.35146        0.833253        0.289391
1.35146        0.639688        0.779225
1.35146         1.29735         0.95386
1.33794        0.118669         0.65721
1.33794        0.780833        0.935409
1.33794         1.10983        0.727202
1.32456         1.70473        0.858254
1.32456        0.690348         1.04093
1.32456        0.105212          1.1455
1.31132        0.517145         0.98253
1.31132        0.611955         1.22591
1.31132         0.33495         1.35442
1.29821        0.205822          1.6597
1.29821        0.283319         1.55153
1.29821        0.819066         1.58021
1.28522        0.424627         1.63443
1.28522        0.480687          1.8642
1.28522           0.904         1.33249
1.27237         1.44477         1.03419
1.27237          1.5249         1.58871
1.27237         1.11651         1.32675
1.25965         1.07493         1.51381
1.25965        0.297226         1.17199
1.25965        0.459246         1.17637
1.24705        0.168729         1.35029
1.24705        0.610105         1.46487
1.24705         0.25965         1.40588
1.23458        0.554373         1.68194
1.23458        0.170392         1.47182
1.23458       0.0284255         1.24866
1.22223        0.200673         1.20005
1.22223        0.650126         1.49107
1.22223         0.18005         1.40085
1.21001       0.0275295         1.05864
1.21001        0.242621         1.10227
1.21001       0.0429673        0.941657
1.19791        0.383086         1.09719
1.19791        0.471095        0.976905
1.19791        0.698469        0.832104
1.18593        0.716372        0.918698
1.18593         1.20699         1.15608
1.18593        0.273719        0.743231
1.17407        0.700256        0.464252
1.17407        0.831958        0.430086
1.17407        0.679135        0.478876
1.16233         1.21184        0.341001
1.16233        0.381443        0.299551
1.16233        0.822069        0.578449
1.15071        0.955015        0.787166
1.15071         0.65974          0.6703
1.15071         1.21693        0.949813
1.1392        0.883132        0.582215
1.1392        0.938532        0.607713
1.1392        0.975494        0.854568
1.12781         1.15478        0.684829
1.12781         1.14825        0.672711
1.12781        0.896189        0.391957
1.11653         1.00253        0.940571
1.11653        0.867598        0.939429
1.11653         1.20987        0.903888
1.10537         1.18503         1.17088
1.10537         1.14974         1.09135
1.10537         1.51092         1.33025
1.09431          1.1239          0.8977
1.09431        0.605369        0.667631
1.09431          0.8954        0.851236
1.08337        0.220865        0.755913
1.08337        0.855151        0.757678
1.08337         1.38954        0.717813
1.07254         1.32058        0.987136
1.07254        0.605606        0.903751
1.07254        0.421541         1.17111
1.06181        0.392973         1.06852
1.06181        0.351473        0.927818
1.06181        0.110906        0.851803
1.05119        0.323628         1.11012
1.05119        0.208682         1.03044
1.05119        0.161879         1.03428
1.04068      0.00775555         1.00882
1.04068        0.427838        0.910209
1.04068        0.285064        0.827439
1.03027        0.131577         1.05118
1.03027      0.00189161         1.24506
1.03027        0.148718         1.31038
1.01997        0.150554         1.31117
1.01997         0.24959         1.36829
1.01997       0.0496204         1.36066
1.00977        0.416579          1.1499
1.00977         0.59525         1.28026
1.00977        0.418994         1.40139
0.999674        0.224973          1.0753
0.999674        0.378661         1.26641
0.999674        0.192739         1.39849
0.989677      0.00764503         1.34072
0.989677        0.138255         1.13523
0.989677         0.13853         1.26765
0.979781      0.00319289         1.13443
0.979781        0.328351         1.03626
0.979781      0.00881885        0.859463
0.969983        0.146362        0.707147
0.969983        0.307729        0.657786
0.969983       0.0412869        0.454556
0.960283        0.289946        0.616371
0.960283        0.152199        0.550792
0.960283        0.567826        0.769528
0.95068        0.402476        0.812105
0.95068        0.446032         1.03081
0.95068       0.0916702         1.09549
0.941173         0.16933         1.01735
0.941173        0.112782           1.005
0.941173        0.285441         1.03138
0.931762        0.518315        0.885517
0.931762        0.329596        0.850183
0.931762        0.155088        0.635826
0.922444        0.466213        0.956646
0.922444        0.200289         1.06676
0.922444        0.461268        0.945845
0.913219        0.488433         1.00932
0.913219        0.623104        0.956035
0.913219        0.484406        0.949936
0.904087        0.578739         1.14784
0.904087       0.0421442        0.916672
0.904087        0.251197        0.913505
0.895046        0.390895        0.815076
0.895046        0.824358        0.796285
0.895046        0.582959        0.693608
0.886096        0.576014         0.47917
0.886096        0.417036        0.516892
0.886096        0.713628        0.541432
0.877235        0.677784        0.528078
0.877235         1.02196        0.716173
0.877235         1.24203        0.647507
0.868463         1.34988        0.863563
0.868463         1.57224        0.837889
0.868463         1.50313        0.719546
0.859778         1.41317        0.433095
0.859778         1.65333        0.657275
0.859778         1.25411        0.852706
0.85118         1.08644        0.523164
0.85118        0.709152        0.399926
0.85118        0.389911        0.602388
0.842668       0.0324993        0.596796
0.842668      0.00542121        0.773354
0.842668        0.116847        0.931089
0.834242        0.459824        0.789488
0.834242         0.38164        0.701644
0.834242        0.295873        0.889856
0.825899        0.630551         1.03321
0.825899          1.0342        0.895155
0.825899        0.747076        0.844254
0.81764        0.542091        0.738888
0.81764        0.609555        0.687491
0.81764        0.276709        0.743845
0.809464       0.0597999        0.655336
0.809464         0.22513        0.524276
0.809464        0.348578        0.628692
0.801369        0.431203        0.712514
0.801369        0.271751        0.767586
0.801369        0.340171        0.833675
0.793356       0.0413069        0.879286
0.793356        0.289979        0.986259
0.793356        0.551595         1.06966
0.785422        0.878593        0.884964
0.785422        0.777481        0.984745
0.785422        0.642961        0.876378
0.777568        0.999499        0.751626
0.777568         1.32178         0.87462
0.777568        0.622561        0.640301
0.769792        0.458433        0.555047
0.769792        0.489952        0.742204
0.769792        0.539598        0.587704
0.762094        0.758488        0.699108
0.762094        0.409031        0.511728
0.762094        0.725828        0.512948
0.754473        0.665761        0.348385
0.754473        0.695683        0.403938
0.754473        0.425588        0.562842
0.746929        0.609889        0.647637
0.746929        0.948074        0.728526
0.746929          1.1392        0.710712
0.739459         0.85296        0.807984
0.739459        0.642794        0.823794
0.739459         0.90241        0.903043
0.732065        0.365922        0.803791
0.732065        0.411527        0.828981
0.732065        0.768892        0.739906
0.724744          1.0552        0.888963
0.724744        0.846924        0.916992
0.724744         1.03199        0.756536
0.717497        0.937618        0.819122
0.717497         1.10125        0.610433
0.717497         1.40121        0.606624
0.710322         1.39883        0.520351
0.710322         1.62838        0.405544
0.710322         1.41124        0.616574
0.703218         1.58174        0.567007
0.703218         1.86906        0.560441
0.703218         1.92506        0.684562
0.696186         1.90832        0.632492
0.696186         1.44651        0.525311
0.696186         1.26053        0.557222
0.689224         1.06051        0.573724
0.689224          1.3315         0.50364
0.689224        0.851134        0.432733
0.682332         1.15456        0.418749
0.682332         1.02669        0.286897
0.682332        0.992861        0.371237
0.675509         1.29393        0.525478
0.675509         1.62644        0.405785
0.675509         1.25635          0.6261
0.668754          1.0042        0.726212
0.668754        0.880193        0.723741
0.668754         0.95743        0.874667
0.662066         1.01239         1.02611
0.662066         1.11493        0.810731
0.662066        0.829814        0.766083
0.655446         1.14549        0.733137
0.655446        0.974874        0.759459
0.655446         0.65774        0.918845
0.648891        0.670274         1.01073
0.648891        0.968579         1.04044
0.648891        0.749151        0.922718
0.642402         1.00396        0.846286
0.642402         1.22865        0.877419
0.642402        0.820033        0.690995
0.635978         1.03022        0.811356
0.635978         1.00057         0.83624
0.635978         1.28098        0.885659
0.629618        0.915377        0.949215
0.629618         0.63841        0.953313
0.629618        0.796864         1.07844
0.623322         0.51732        0.828728
0.623322        0.679784        0.964494
0.623322        0.524376        0.959239
0.617089        0.443667         1.09542
0.617089        0.347455         1.08971
0.617089        0.128523         1.23397
0.610918        0.183585         1.12501
0.610918       0.0288743          0.9786
0.610918        0.186532         1.01935
0.604809       0.0524664         1.10053
0.604809        0.172868         1.16373
0.604809        0.450872         1.27239
0.598761        0.197671         1.19995
0.598761        0.444904         1.16274
0.598761        0.682878         1.17601
0.592773        0.503507         1.12135
0.592773        0.279824         1.04366
0.592773        0.407708        0.953785
0.586845        0.379108        0.950863
0.586845        0.627031        0.881853
0.586845        0.698245        0.960615
0.580977        0.704214        0.873253
0.580977        0.427603        0.741617
0.580977        0.183482        0.639498
0.575167        0.168318        0.873534
0.575167        0.311236        0.875502
0.575167         0.51721        0.886066
0.569416        0.345733        0.761287
0.569416        0.509599        0.688107
0.569416        0.437451        0.578636
0.563721        0.179007        0.476343
0.563721        0.234588        0.577276
0.563721        0.671899        0.519944
0.558084        0.667616         0.50873
0.558084        0.400438        0.413985
0.558084        0.559122        0.407623
0.552503        0.617897        0.553701
0.552503        0.508835        0.419821
0.552503        0.757186        0.541394
0.546978        0.614305        0.668447
0.546978        0.863783        0.599252
0.546978        0.629805        0.482779
0.541509        0.865372         0.48146
0.541509        0.850007        0.408139
0.541509        0.876615        0.414518
0.536093        0.824995        0.570167
0.536093        0.901011        0.530006
0.536093         1.00276        0.413808
0.530732         1.22458        0.439275
0.530732         1.02964        0.531624
0.530732         1.13587        0.464516
0.525425         1.16321        0.361611
0.525425          1.3218        0.399573
0.525425         1.48295        0.408424
0.520171         1.35875        0.321824
0.520171         1.46558        0.492793
0.520171         1.66476        0.584368
0.514969         1.69503         0.38902
0.514969         1.56316        0.446592
0.514969         1.62417        0.452324
0.50982         1.40435        0.414812
0.50982         1.47124        0.372799
0.50982         1.19902         0.31174
0.504721         1.41063        0.435692
0.504721         1.56608        0.377162
0.504721         1.31423        0.264592
0.499674         1.21505        0.384338
0.499674         1.34105        0.509159
0.499674           1.293        0.568738
0.494677         1.12559        0.583957
0.494677        0.936899        0.625038
0.494677         1.02388        0.527681
0.489731         1.22799        0.641149
0.489731         1.12455        0.459022
0.489731         1.16598        0.621854
0.484833          1.1279        0.524927
0.484833         1.16487         0.61797
0.484833         1.27276        0.542059
0.479985         1.42987        0.521451
0.479985         1.33044        0.537659
0.479985          1.3647        0.633977
0.475185         1.42217        0.549408
0.475185         1.27364        0.597216
0.475185         1.38605        0.619688
0.470433         1.43564        0.540364
0.470433         1.38156        0.538976
0.470433          1.3087        0.476708
0.465729         1.43554         0.40155
0.465729         1.21849        0.419465
0.465729         1.25437        0.404697
0.461072          1.1689        0.364553
0.461072         1.31817        0.451012
0.461072         1.28401        0.506324
0.456461         1.42225        0.428994
0.456461         1.20406        0.576955
0.456461         1.32942         0.51164
0.451896         1.41841        0.667607
0.451896         1.10932        0.676982
0.451896        0.999927        0.678124
0.447377         1.17279        0.772325
0.447377         1.10543        0.687562
0.447377        0.969178        0.590632
0.442904        0.821053         0.64822
0.442904        0.776577        0.610864
0.442904        0.969623        0.525711
0.438475         1.01062        0.468088
0.438475         1.17822        0.604299
0.438475        0.784821        0.468013
0.43409        0.877828        0.376823
0.43409        0.895294        0.470787
0.43409         1.06808        0.577144
0.429749         1.19902        0.471836
0.429749         1.03584        0.569016
0.429749         1.04271        0.502541
0.425451        0.989009         0.52638
0.425451        0.884159         0.60371
0.425451        0.979953          0.5345
0.421197         1.15603        0.555294
0.421197        0.821067        0.450214
0.421197         0.87654        0.527088
0.416985        0.856179        0.622379
0.416985        0.840011        0.620395
0.416985         0.94673        0.712452
0.412815         1.07287        0.739701
0.412815         1.14625        0.827952
0.412815         1.27898        0.791855
0.408687         1.15447        0.803678
0.408687         1.05415        0.651336
0.408687        0.898096         0.69408
0.4046        0.885455        0.757411
0.4046        0.815777        0.846371
0.4046         1.00428        0.905979
0.400554        0.786262        0.899307
0.400554         0.98355        0.984881
0.400554        0.621079        0.900118
0.396549        0.558656        0.992706
0.396549         0.53817         1.05237
0.396549        0.392758         1.02357
0.392583        0.553983        0.927659
0.392583        0.746613        0.844291
0.392583        0.738318        0.899628
0.388657        0.845096        0.859463
0.388657        0.802354        0.893184
0.388657        0.847438        0.936346
0.384771        0.770142        0.861122
0.384771        0.900449        0.774618
0.384771         1.08704        0.691726
0.380923        0.944779        0.741015
0.380923         1.06792        0.819455
0.380923         1.03154        0.860753
0.377114        0.958104         0.90792
0.377114        0.991591        0.918629
0.377114        0.914991        0.915275
0.373343        0.733826        0.903087
0.373343        0.615366        0.994055
0.373343        0.534723        0.985498
0.369609        0.495493        0.975913
0.369609        0.636221        0.942209
0.369609        0.506742        0.888461
0.365913        0.685446        0.801623
0.365913        0.511678         0.71657
0.365913        0.555372        0.705594
0.362254         0.49729         0.64527
0.362254        0.395636        0.659815
0.362254        0.285198        0.627728
0.358631        0.297818        0.590717
0.358631        0.181615        0.528202
0.358631        0.118566        0.659281
0.355045       0.0346573        0.691783
0.355045        0.118012        0.663306
0.355045       0.0182685        0.689811
0.351495        0.116064        0.665868
0.351495       0.0541418        0.649094
0.351495         0.12944        0.600308
0.34798       0.0369785        0.599708
0.34798       0.0794766        0.638136
0.34798        0.121795        0.559773
0.3445        0.135694          0.4969
0.3445        0.265163        0.431063
0.3445        0.166236        0.449389
0.341055        0.277769        0.422687
0.341055        0.359976        0.462208
0.341055        0.459411        0.542883
0.337644        0.606547        0.596426
0.337644        0.609875        0.646046
0.337644        0.726589        0.607116
0.334268        0.693403        0.642653
0.334268        0.846086        0.563033
0.334268        0.951009        0.614039
0.330925        0.873459        0.591527
0.330925         1.00543        0.614167
0.330925        0.733334         0.60133
0.327616        0.811628        0.543431
0.327616        0.930087        0.606542
0.327616        0.980446        0.642235
0.32434        0.938233        0.603741
0.32434        0.864441        0.547964
0.32434        0.782193        0.516753
0.321096        0.868059        0.472384
0.321096        0.741009        0.470989
0.321096         0.71206        0.534526
0.317885        0.622757        0.559735
0.317885        0.496957        0.572319
0.317885        0.626525        0.526599
0.314707        0.656562        0.517714
0.314707        0.763729        0.456202
0.314707        0.762226        0.589178
0.311559        0.826181        0.570223
0.311559        0.700761        0.561271
0.311559        0.727657        0.614936
0.308444        0.817597        0.610132
0.308444         0.96884        0.574095
0.308444         1.06342        0.539312
0.305359        0.978332        0.509313
0.305359        0.901297        0.568466
0.305359        0.981573        0.524048
0.302306        0.962228        0.552056
0.302306        0.869293        0.509673
0.302306         1.00938        0.563675
0.299283        0.910356        0.592786
0.299283        0.954752        0.649091
0.299283        0.915551        0.657541
0.29629          1.0582        0.675363
0.29629         1.10399        0.646649
0.29629         1.16101        0.635354
0.293327         1.13755        0.595734
0.293327         1.10335        0.635234
0.293327          1.2467         0.65517
0.290394        0.958122        0.655279
0.290394         1.06915        0.684966
0.290394         1.07146        0.663849
0.28749         1.01735        0.677624
0.28749         1.08226        0.712217
0.28749          1.1284        0.767031
0.284615         1.24592        0.801911
0.284615         1.13379        0.782291
0.284615         1.24534        0.846357
0.281769         1.12447        0.841691
0.281769            1.21         0.90952
0.281769          1.1242        0.815509
0.278951         1.13613        0.808091
0.278951         1.24278         0.80728
0.278951         1.15428         0.87544
0.276162         1.18554        0.785716
0.276162          1.0304         0.87243
0.276162        0.968227        0.831422
0.2734        0.847723        0.768111
0.2734        0.790084        0.770686
0.2734        0.718493        0.836266
0.270666         0.69399        0.893472
0.270666         0.76722        0.946568
0.270666        0.876463        0.980899
0.267959        0.797404        0.995931
0.267959        0.812975        0.958732
0.267959        0.938704        0.945673
0.26528        0.813305        0.914464
0.26528        0.877965         0.91168
0.26528        0.757155        0.903171
0.262627        0.819017         0.87439
0.262627        0.836123        0.905855
0.262627         0.74642        0.895235
0.260001        0.676688        0.941874
0.260001        0.788962         1.00669
0.260001        0.612077        0.880145
0.257401        0.556974        0.894562
0.257401        0.531433        0.943766
0.257401        0.549908        0.891867
0.254827        0.474072        0.880172
0.254827        0.477169        0.839476
0.254827        0.353688        0.815441
0.252278        0.464115        0.887332
0.252278        0.586481        0.839119
0.252278        0.703622        0.869714
0.249756        0.636454        0.896107
0.249756        0.620644        0.861882
0.249756        0.633893        0.877469
0.247258        0.696194        0.929333
0.247258        0.722769        0.925989
0.247258        0.667124        0.877519
0.244785        0.723506        0.889748
0.244785        0.643991         0.88858
0.244785        0.602058        0.870735
0.242338        0.634516        0.839305
0.242338        0.724172        0.840525
0.242338        0.836151        0.855871
0.239914        0.891464        0.859339
0.239914         1.00386        0.826171
0.239914        0.896247        0.788481
0.237515          0.7928        0.771468
0.237515        0.847018        0.808984
0.237515        0.768646        0.731775
0.23514        0.736176        0.679069
0.23514        0.710444        0.660409
0.23514        0.747567         0.62226
0.232789        0.679241        0.660551
0.232789        0.629052        0.639591
0.232789        0.594096         0.60463
0.230461         0.53722        0.556675
0.230461        0.628918        0.596326
0.230461        0.707626        0.630001
0.228156        0.647167        0.592922
0.228156        0.533661        0.541821
0.228156        0.750561        0.554446
0.225875        0.836313         0.55069
0.225875        0.736075        0.559127
0.225875        0.802064        0.530114
0.223616        0.712035        0.512177
0.223616        0.725723        0.542429
0.223616        0.614769         0.56998
0.22138        0.584989        0.573747
0.22138        0.632347        0.544835
0.22138        0.627538        0.571915
0.219166         0.52614        0.594657
0.219166        0.646093        0.582227
0.219166        0.538055        0.610365
0.216974         0.60044        0.620086
0.216974        0.553527        0.569566
0.216974        0.491413         0.54655
0.214804        0.604498        0.517797
0.214804        0.564184        0.491454
0.214804        0.668916        0.512632
0.212656        0.665724        0.518919
0.212656        0.572108        0.520999
0.212656        0.563125        0.506649
0.21053        0.669482         0.50483
0.21053        0.648253        0.565946
0.21053        0.657327        0.603819
0.208425        0.693277        0.565189
0.208425        0.752183        0.612663
0.208425        0.684791        0.635587
0.20634        0.719392        0.685474
0.20634        0.699461        0.649593
0.20634        0.662628        0.640668
0.204277        0.585212        0.615843
0.204277         0.53719        0.606671
0.204277        0.489476        0.604743
0.202234        0.404479        0.585489
0.202234        0.434819        0.574721
0.202234        0.466017        0.618992
0.200212        0.398062        0.582676
0.200212        0.381496        0.556814
0.200212         0.32289        0.531643
0.19821        0.350649        0.525481
0.19821        0.316457        0.520912
0.19821         0.43071        0.532826
0.196228        0.509234        0.511202
0.196228        0.546231        0.480014
0.196228        0.607275        0.490016
0.194265        0.514298        0.521063
0.194265        0.472172        0.513329
0.194265        0.430951        0.531327
0.192323        0.595345        0.540668
0.192323        0.628872        0.579858
0.192323        0.614452        0.616395
0.190399        0.703708        0.660513
0.190399        0.778617        0.654678
0.190399        0.846918        0.698159
0.188495        0.914085        0.701223
0.188495         0.96549        0.678732
0.188495         1.00257        0.685595
0.18661        0.938639        0.706822
0.18661        0.915231        0.688355
0.18661        0.929049        0.655879
0.184744        0.984805         0.65344
0.184744         1.02485        0.648436
0.184744        0.968345        0.683189
0.182897         1.00575        0.727924
0.182897         1.05101        0.717693
0.182897        0.908644        0.683423
0.181068        0.981101        0.651116
0.181068        0.978284        0.687121
0.181068        0.970395        0.722592
0.179257         1.06294        0.687608
0.179257         1.07566        0.726715
0.179257         1.02192        0.693613
0.177465         1.04142        0.682767
0.177465        0.961497        0.651145
0.177465        0.922528        0.687309
0.17569         1.00932        0.713162
0.17569        0.985388        0.676749
0.17569        0.874175        0.691356
0.173933        0.821951        0.653023
0.173933        0.805509        0.631022
0.173933        0.772905        0.646334
0.172194        0.819714        0.634686
0.172194          0.7651        0.613853
0.172194        0.780355        0.656709
0.170472        0.729611        0.626956
0.170472        0.759112         0.65409
0.170472        0.736865        0.696069
0.168767        0.692353        0.656006
0.168767        0.764464        0.647802
0.168767        0.793984         0.61322
0.167079        0.859098        0.608375
0.167079        0.778842        0.638357
0.167079         0.81315        0.609923
0.165409        0.868202        0.607234
0.165409        0.859094        0.644969
0.165409         0.83008        0.628166
0.163755        0.897407        0.653817
0.163755        0.978818         0.64957
0.163755          1.0125        0.654742
0.162117         1.06343        0.643302
0.162117         1.01863         0.63522
0.162117         1.02683        0.615775
0.160496        0.978221        0.592515
0.160496         0.97274        0.585739
0.160496        0.984714        0.554184
0.158891        0.972886        0.570033
0.158891        0.928052        0.598011
0.158891         0.93786        0.566322
0.157302        0.916555        0.544203
0.157302        0.843667        0.582826
0.157302        0.901858        0.569445
0.155729         0.91586        0.588484
0.155729        0.850076        0.579421
0.155729        0.910403        0.588176
0.154172        0.887054        0.569749
0.154172        0.870542        0.570409
0.154172        0.930899        0.586413
0.15263         1.00433        0.597512
0.15263        0.965025        0.566927
0.15263        0.923032        0.543835
0.151104        0.975039        0.568866
0.151104         1.01165        0.596781
0.151104         1.02435         0.62623
0.149593         1.05711        0.659853
0.149593         1.04466        0.646326
0.149593         1.08878        0.663705
0.148097         1.06866        0.677183
0.148097         1.09543        0.694571
0.148097          1.1244        0.676074
0.146616         1.17716        0.659457
0.146616         1.12522         0.70053
0.146616         1.13983        0.669589
0.14515         1.08715        0.637099
0.14515         1.12077         0.62081
0.14515         1.11814        0.602623
0.143698         1.04585        0.598088
0.143698         1.05178        0.612579
0.143698        0.989872         0.58577
0.142261         1.02741        0.564527
0.142261        0.998441        0.579675
0.142261         1.06943        0.562406
0.140838         1.06307        0.570419
0.140838        0.995086        0.585375
0.140838         1.05145        0.613704
0.13943        0.977718         0.56127
0.13943         0.91192        0.565078
0.13943        0.856362        0.593912
0.138036        0.878149         0.57642
0.138036        0.843289         0.55869
0.138036         0.84741        0.556531
0.136655        0.812289        0.573569
0.136655        0.793054        0.588339
0.136655        0.840233        0.613467
0.135289        0.799386        0.602289
0.135289        0.817875        0.626715
0.135289        0.770332        0.622195
0.133936        0.796898        0.623519
0.133936        0.767074        0.647793
0.133936        0.794459        0.669973
0.132597        0.740696        0.682787
0.132597        0.679786        0.652666
0.132597         0.63529        0.654236
0.131271        0.658588        0.685552
0.131271        0.713625        0.674968
0.131271        0.715998        0.667494
0.129958        0.751339         0.69574
0.129958        0.798232        0.696193
0.129958        0.852991        0.705995
0.128658        0.820503        0.678504
0.128658        0.789868        0.647132
0.128658        0.801483        0.637571
0.127372        0.754463        0.617135
0.127372        0.850213        0.625448
0.127372        0.886791        0.628042
0.126098        0.912199        0.602527
0.126098        0.820312         0.62523
0.126098        0.825953        0.616676
0.124837        0.873911        0.628154
0.124837        0.813677        0.631366
0.124837        0.801293        0.628972
0.123589        0.778419        0.617399
0.123589        0.796959        0.628739
0.123589        0.747457        0.645013
0.122353         0.80674        0.616787
0.122353        0.828606        0.605403
0.122353        0.792064        0.611579
0.121129        0.780745        0.620475
0.121129        0.823781        0.630815
0.121129        0.840626         0.66092
0.119918        0.876116        0.633306
0.119918        0.920702        0.648068
0.119918        0.930413        0.658084
0.118719        0.934529        0.664935
0.118719        0.900305        0.632315
0.118719        0.891149         0.62587
0.117532        0.863037        0.636449
0.117532        0.873396        0.639763
0.117532        0.911617        0.660357
0.116356         0.92015        0.652888
0.116356        0.943925         0.63504
0.116356        0.906446        0.638224
0.115193        0.882294        0.640613
0.115193        0.826017        0.631596
0.115193        0.798633        0.613591
0.114041        0.838371        0.611396
0.114041        0.822504        0.616125
0.114041        0.773916        0.626427
0.1129        0.793795        0.634277
0.1129        0.828244        0.614172
0.1129        0.774993        0.602127
0.111771        0.729945        0.587783
0.111771        0.718857        0.590107
0.111771        0.667419        0.564139
0.110654         0.69159        0.613394
0.110654        0.718133        0.592315
0.110654         0.71344        0.587846
0.109547         0.67928        0.575415
0.109547        0.725858        0.585638
0.109547         0.75914        0.584499
0.108452        0.765636        0.600783
0.108452        0.770027        0.591511
0.108452        0.776219        0.569893
0.107367        0.788132        0.582765
0.107367        0.760208        0.581321
0.107367        0.781981        0.557867
0.106294        0.731093         0.56077
0.106294        0.759937        0.570791
0.106294        0.783971         0.56857
0.105231        0.766638        0.553478
0.105231        0.816771        0.528141
0.105231        0.837512        0.538301
0.104178        0.805974        0.529025
0.104178        0.846231        0.546148
0.104178        0.829376        0.547816
0.103137        0.871362        0.523395
0.103137        0.914287        0.525735
0.103137         0.87978        0.530101
0.102105        0.855137        0.536108
0.102105        0.849386         0.55612
0.102105        0.884539        0.561959
0.101084        0.845811        0.586901
0.101084        0.800822        0.596581
0.101084        0.850416        0.607547
0.100073        0.827951        0.621516
0.100073        0.793953        0.643537
0.100073        0.834522         0.64122
0.0990725        0.825146        0.642913
0.0990725        0.823527        0.659897
0.0990725        0.824589        0.650388
0.0980818        0.850221        0.664888
0.0980818        0.807981        0.674483
0.0980818        0.771223        0.676085
0.097101        0.798138        0.679385
0.097101         0.83247        0.677208
0.097101        0.793003        0.664159
0.09613         0.75524        0.645556
0.09613        0.754123        0.628191
0.09613         0.79125        0.644475
0.0951687        0.767023        0.642489
0.0951687        0.792456        0.619465
0.0951687        0.790445        0.628737
0.094217        0.759809         0.61303
0.094217        0.762872        0.599077
0.094217        0.717511        0.604724
0.0932748        0.694284        0.581743
0.0932748         0.72981        0.567438
0.0932748        0.739654         0.58967
0.0923421         0.74595        0.591015
0.0923421        0.776457        0.606027
0.0923421        0.738139        0.599705
0.0914186          0.7487        0.614574
0.0914186        0.707116         0.59941
0.0914186        0.677625        0.583698
0.0905044        0.681597        0.583144
0.0905044        0.669693        0.595987
0.0905044        0.686128        0.580383
0.0895994        0.721395        0.582993
0.0895994        0.757239         0.58921
0.0895994        0.761809        0.588467
0.0887034        0.745184        0.599243
0.0887034        0.753212        0.582909
0.0887034        0.718805        0.596832
0.0878164        0.676431        0.581202
0.0878164        0.706191        0.587386
0.0878164        0.734417        0.611429
0.0869382        0.772063        0.631811
0.0869382        0.804292         0.62964
0.0869382        0.824666        0.615585
0.0860688        0.866807        0.630974
0.0860688        0.872212        0.621171
0.0860688        0.851801        0.605199
0.0852081        0.856921        0.600231
0.0852081        0.846264        0.602668
0.0852081        0.826093        0.600557
0.0843561        0.808148        0.615961
0.0843561        0.798055        0.610487
0.0843561        0.805461        0.621969
0.0835125        0.806894        0.636624
0.0835125        0.828406        0.621519
0.0835125        0.788754        0.609423
0.0826774         0.77183        0.590911
0.0826774         0.79026         0.59282
0.0826774        0.791414        0.599328
0.0818506         0.76435        0.587607
0.0818506        0.764421        0.604779
0.0818506        0.803546        0.616204
0.0810321        0.808749        0.609516
0.0810321        0.813412        0.599317
0.0810321        0.799589        0.607201
0.0802218        0.772555        0.623791
0.0802218        0.778037        0.627923
0.0802218        0.816524        0.621168
0.0794196        0.787713        0.638483
0.0794196        0.818562        0.623317
0.0794196        0.837528        0.639349
0.0786254        0.847598        0.642479
0.0786254        0.843163        0.637322
0.0786254        0.835927        0.643171
0.0778391        0.842036        0.623888
0.0778391        0.837763        0.609186
0.0778391        0.844739        0.626523
0.0770607        0.822188        0.645509
0.0770607        0.797944        0.657707
0.0770607        0.830647        0.660825
0.0762901        0.808206        0.655665
0.0762901        0.838246        0.650309
0.0762901        0.808123        0.633973
0.0755272        0.802921        0.621073
0.0755272        0.812465        0.622963
0.0755272        0.840862        0.612139
0.0747719        0.808909        0.605646
0.0747719        0.817225        0.621579
0.0747719        0.837181        0.613697
0.0740242        0.811857         0.61114
0.0740242        0.782657        0.593374
0.0740242         0.74699        0.575583
0.073284        0.762215        0.581196
0.073284        0.765316        0.578759
0.073284        0.754352        0.590894
0.0725511        0.754298        0.578336
0.0725511        0.765239        0.575786
0.0725511        0.794869        0.574474
0.0718256        0.783574        0.574125
0.0718256        0.780061        0.580895
0.0718256        0.811843        0.571814
0.0711074        0.819076        0.574746
0.0711074        0.831993         0.56473
0.0711074         0.82131        0.575578
0.0703963        0.787295        0.559952
0.0703963        0.802764         0.56846
0.0703963        0.818623        0.574255
0.0696923        0.809953        0.577063
0.0696923        0.794402        0.582937
0.0696923        0.784402        0.589916
0.0689954        0.757612        0.579862
0.0689954        0.781966        0.578757
0.0689954        0.776497        0.584213
0.0683055          0.7636        0.572688
0.0683055        0.755323        0.583456
0.0683055        0.722386        0.589037
0.0676224        0.716556        0.601569
0.0676224        0.729166        0.599722
0.0676224         0.70122        0.597815
0.0669462         0.74078        0.601766
0.0669462        0.771709        0.586399
0.0669462         0.75902        0.594783
0.0662767        0.764613        0.608585
0.0662767        0.781264        0.618311
0.0662767        0.806285        0.626495
0.0656139        0.827286        0.621315
0.0656139        0.856351        0.615015
0.0656139        0.835855        0.616176
0.0649578        0.805204        0.626663
0.0649578        0.774963        0.628633
0.0649578         0.78319        0.641845
0.0643082        0.800791        0.641609
0.0643082         0.80357        0.639842
0.0643082        0.780255        0.652157
0.0636651        0.765739        0.660967
0.0636651        0.751843        0.654257
0.0636651        0.721724        0.651346
0.0630285        0.698993        0.665928
0.0630285         0.70246        0.656614
0.0630285        0.681931        0.657965
0.0623982        0.697397        0.664871
0.0623982        0.677068        0.675616
0.0623982        0.667746        0.675015
0.0617742        0.674787        0.665152
0.0617742        0.668568        0.653715
0.0617742        0.655287        0.650582
0.0611565        0.664008        0.659101
0.0611565        0.689488        0.662269
0.0611565        0.663164        0.668885
0.0605449        0.693196        0.682046
0.0605449        0.710597        0.681222
0.0605449        0.706004         0.68574
0.0599395        0.700899        0.690908
0.0599395        0.727262        0.670917
0.0599395        0.705692        0.665257
0.0593401        0.712492        0.673362
0.0593401        0.688057        0.669775
0.0593401        0.705052        0.679152
0.0587467        0.686301        0.692018
0.0587467        0.710717        0.697246
0.0587467        0.702373         0.69182
0.0581592        0.693993        0.690421
0.0581592        0.677411        0.686834
0.0581592        0.673241        0.689997
0.0575776        0.684532        0.698577
0.0575776        0.665921        0.685719
0.0575776         0.69011        0.677049
0.0570018        0.699463        0.682257
0.0570018        0.708359        0.695614
0.0570018        0.715567        0.690111
0.0564318        0.742112        0.689959
0.0564318        0.737472        0.690766
0.0564318        0.723207        0.697766
0.0558675        0.703492        0.689921
0.0558675        0.725819        0.689314
0.0558675        0.722508        0.679352
0.0553088         0.71865        0.666327
0.0553088         0.70789        0.665538
0.0553088        0.705406        0.672609
0.0547557        0.707399        0.684909
0.0547557        0.703304        0.672365
0.0547557        0.703829        0.681761
0.0542082        0.691426        0.675512
0.0542082         0.67192        0.670235
0.0542082        0.659239        0.674883
0.0536661        0.638983        0.665641
0.0536661        0.648609        0.672459
0.0536661        0.665957        0.677827
0.0531294        0.641452        0.666924
0.0531294        0.629496        0.660059
0.0531294        0.652319        0.648542
0.0525981        0.636333        0.653422
0.0525981        0.661011        0.658776
0.0525981        0.664585        0.670629
0.0520722        0.689359        0.662353
0.0520722        0.714566        0.665322
0.0520722        0.689981        0.653399
0.0515514        0.676896        0.647827
0.0515514        0.675211        0.657001
0.0515514        0.659279        0.661227
0.0510359        0.665022        0.654788
0.0510359        0.663367        0.665178
0.0510359        0.665552        0.659107
0.0505256        0.678737        0.663669
0.0505256        0.700646        0.665404
0.0505256        0.683272        0.656722
0.0500203        0.687149        0.651493
0.0500203        0.703225        0.654209
0.0500203        0.723592        0.661399
0.0495201        0.702964        0.659915
0.0495201        0.741481        0.661723
0.0495201        0.720167        0.655575
0.0490249        0.723221        0.650646
0.0490249        0.706093        0.649638
0.0490249        0.696096        0.640249
0.0485347        0.704176        0.651598
0.0485347        0.707067        0.661902
0.0485347        0.682963        0.666894
0.0480493        0.699319        0.667089
0.0480493        0.708523         0.67429
0.0480493        0.725966        0.667984
0.0475688        0.723871        0.670108
0.0475688        0.730006        0.678322
0.0475688        0.728749        0.682735
0.0470931        0.722178        0.691621
0.0470931        0.744883        0.694572
0.0470931        0.751965        0.701066
0.0466222        0.772427        0.709868
0.0466222        0.771104        0.716495
0.0466222        0.768596          0.7049
0.046156        0.750817        0.714382
0.046156          0.7664         0.72561
0.046156        0.744841        0.715822
0.0456944         0.75695        0.712251
0.0456944        0.755283        0.711566
0.0456944        0.767345        0.718578
0.0452375        0.759121        0.719889
0.0452375          0.7777        0.712081
0.0452375        0.758795        0.701506
0.0447851        0.752113        0.708988
0.0447851        0.765095        0.715514
0.0447851        0.757069         0.72434
0.0443372        0.772486        0.723623
0.0443372        0.755392        0.718215
0.0443372        0.742812        0.709682
0.0438939        0.750431         0.70356
0.0438939        0.762299        0.693246
0.0438939        0.752262        0.702978
0.0434549        0.733017        0.712088
0.0434549        0.747355        0.703964
0.0434549        0.735724        0.705104
0.0430204        0.755202        0.697472
0.0430204        0.776499        0.691531
0.0430204        0.756166        0.691193
0.0425902        0.738953         0.68693
0.0425902        0.754997        0.679532
0.0425902        0.741879        0.679752
0.0421643        0.723197        0.682629
0.0421643        0.744102        0.680666
0.0421643        0.758153        0.687932
0.0417426        0.775311        0.680452
0.0417426        0.787177        0.673731
0.0417426        0.799153         0.67683
0.0413252        0.798814        0.683323
0.0413252        0.796254        0.681311
0.0413252        0.795422         0.67619
0.040912        0.814363        0.681043
0.040912        0.813404        0.678789
0.040912        0.803971         0.68386
0.0405028        0.818257        0.675244
0.0405028        0.827216        0.665391
0.0405028        0.814829        0.670689
0.0400978        0.808112        0.669861
0.0400978        0.816235        0.679377
0.0400978        0.809974        0.685963
0.0396968        0.826257        0.681702
0.0396968        0.809503        0.671883
0.0396968        0.809039        0.673548
0.0392999        0.798268        0.681022
0.0392999        0.812102        0.687709
0.0392999         0.81506        0.695722
0.0389069        0.809592        0.700126
0.0389069        0.818987        0.696673
0.0389069        0.810421        0.697215
0.0385178        0.801133        0.699803
0.0385178        0.799424        0.692483
0.0385178        0.799388        0.702034
0.0381326        0.784638        0.697446
0.0381326        0.802323        0.691924
0.0381326        0.810192        0.686058
0.0377513        0.829025        0.677076
0.0377513        0.834711        0.685068
0.0377513        0.837145        0.680347
0.0373738        0.826118        0.688321
0.0373738        0.840891         0.68129
0.0373738        0.838881        0.679154
0.037        0.845205        0.681083
0.037        0.846802        0.675656
0.037        0.835515        0.667047
0.03663        0.842174        0.667145
0.03663        0.847824        0.667463
0.03663        0.843609        0.673364
0.0362637         0.82941        0.667663
0.0362637        0.815182        0.664684
0.0362637         0.79956        0.663913
0.0359011        0.790293         0.66455
0.0359011        0.782996          0.6557
0.0359011        0.767806        0.662356
0.0355421        0.784476        0.657224
0.0355421        0.789081        0.658478
0.0355421        0.779077        0.653821
0.0351867        0.777123        0.657827
0.0351867        0.786556        0.650519
0.0351867         0.79462        0.656626
0.0348348        0.777111        0.652527
0.0348348        0.762408        0.656086
0.0348348        0.746265        0.649988
0.0344865        0.751709        0.648864
0.0344865        0.751291        0.643262
0.0344865        0.748828        0.640505
0.0341416        0.732755        0.640941
0.0341416        0.726769        0.643668
0.0341416        0.730096        0.643855
0.0338002        0.726128        0.639611
0.0338002        0.731556        0.634552
0.0338002        0.723045         0.63154
0.0334622         0.72722        0.623169
0.0334622        0.734441         0.61538
0.0334622        0.746127        0.610509
0.0331276        0.743909         0.61088
0.0331276        0.751139        0.610184
0.0331276        0.763696        0.613738
0.0327963        0.779485        0.614846
0.0327963         0.78184        0.614794
0.0327963        0.780934        0.621546
0.0324683        0.767018        0.618638
0.0324683         0.75198        0.613097
0.0324683        0.763369        0.611919
0.0321436        0.754061        0.604386
0.0321436        0.745007        0.605856
0.0321436        0.757267         0.60767
0.0318222        0.768357         0.60197
0.0318222        0.773019        0.594921
0.0318222        0.760201        0.589751
0.031504        0.773204        0.597189
0.031504        0.771235        0.597011
0.031504        0.762598        0.604706
0.0311889        0.759403        0.599385
0.0311889        0.761299        0.596834
0.0311889          0.7762        0.595815
0.030877        0.779124        0.595147
0.030877         0.78255        0.593253
0.030877        0.784105        0.598334
0.0305683        0.789392        0.594942
0.0305683        0.786548        0.602512
0.0305683        0.799155        0.600027
0.0302626        0.807518        0.602352
0.0302626        0.802281        0.602888
0.0302626        0.805278        0.606671
0.02996        0.796027        0.606206
0.02996        0.791365        0.600405
0.02996        0.790618        0.612435
0.0296604        0.798601        0.613109
0.0296604        0.813112        0.618897
0.0296604        0.816727        0.614998
0.0293638        0.806784        0.609454
0.0293638        0.820004        0.602208
0.0293638        0.820357        0.605874
0.0290701         0.81413        0.602979
0.0290701        0.804573         0.60913
0.0290701        0.792223         0.61469
0.0287794        0.800378        0.617974
0.0287794        0.813804        0.620788
0.0287794          0.8241        0.617931
0.0284916        0.811634        0.611549
0.0284916        0.799169        0.606087
0.0284916        0.804724        0.611112
0.0282067        0.801086        0.607897
0.0282067        0.813895        0.606144
0.0282067        0.803534        0.603013
0.0279246        0.800236        0.599351
0.0279246        0.788696        0.599466
0.0279246        0.796137        0.592981
0.0276454        0.786538        0.594495
0.0276454        0.785219        0.597422
0.0276454        0.784187        0.597971
0.0273689        0.792984        0.599409
0.0273689        0.801625        0.597708
0.0273689        0.804444        0.604182
0.0270953        0.810185        0.599421
0.0270953        0.797541        0.593129
0.0270953        0.801483        0.592065
0.0268243        0.807869        0.588469
0.0268243        0.813388        0.582573
0.0268243         0.81848        0.580818
0.0265561        0.824858        0.587386
0.0265561        0.831352        0.582872
0.0265561        0.820161         0.58748
0.0262905        0.824309        0.592252
0.0262905        0.812628        0.597444
0.0262905        0.816217        0.602319
0.0260276        0.822181        0.599268
0.0260276        0.823549        0.601366
0.0260276         0.83072        0.596681
0.0257673        0.825869        0.598743
0.0257673        0.832746        0.604197
0.0257673         0.84346        0.609763
0.0255096        0.839258        0.609697
0.0255096         0.84264        0.604346
0.0255096        0.851372        0.608553
0.0252546        0.848557        0.607088
0.0252546        0.845709         0.61266
0.0252546        0.856812        0.616959
0.025002        0.863158        0.620285
0.025002        0.853904        0.619156
0.025002        0.852929        0.614996
0.024752        0.846143        0.609774
0.024752        0.852697        0.605591
0.024752        0.848546         0.60389
0.0245045        0.839884        0.600914
0.0245045        0.830356        0.606967
0.0245045         0.82074        0.610684
0.0242594         0.81594        0.610176
0.0242594        0.816685        0.611309
0.0242594        0.823901        0.613078
0.0240168         0.82658        0.607251
0.0240168        0.825137        0.610466
0.0240168        0.831745        0.613749
0.0237767        0.832027        0.607425
0.0237767        0.825974        0.608838
0.0237767        0.823277         0.60927
0.0235389        0.833999        0.613436
0.0235389        0.838047        0.609548
0.0235389        0.833559        0.607994
0.0233035        0.834556        0.610878
0.0233035        0.823005        0.609172
0.0233035        0.827239        0.609931
0.0230705        0.829529        0.608818
0.0230705        0.833936        0.606711
0.0230705        0.834599         0.60971
0.0228398        0.842994        0.612776
0.0228398        0.846182        0.613151
0.0228398        0.841492        0.612812
0.0226114        0.831843        0.614196
0.0226114        0.826506        0.612237
0.0226114        0.827005        0.610685
0.0223853        0.836712        0.612235
0.0223853        0.828309        0.615697
0.0223853        0.826817        0.621119
0.0221614        0.819073         0.62378
0.0221614        0.810835        0.622503
0.0221614        0.803911        0.620177
0.0219398        0.793904         0.61841
0.0219398         0.80326        0.613311
0.0219398        0.813841        0.613471
0.0217204        0.817625        0.618202
0.0217204        0.817279        0.614474
0.0217204        0.812107         0.61518
0.0215032         0.80404        0.617579
0.0215032        0.803995        0.617244
0.0215032        0.806814        0.611987
0.0212882        0.814781        0.611349
0.0212882        0.805051        0.615834
0.0212882        0.794706        0.617492
0.0210753        0.784673         0.61352
0.0210753        0.787914         0.61468
0.0210753        0.777928        0.617585
0.0208645        0.786378         0.61729
0.0208645        0.777738        0.618316
0.0208645        0.767379        0.613335
0.0206559        0.758545        0.613581
0.0206559        0.749566        0.610215
0.0206559        0.750553        0.608831
0.0204493        0.742804        0.610343
0.0204493         0.74199        0.611979
0.0204493        0.746702        0.615845
0.0202448        0.753444        0.612957
0.0202448         0.74966        0.616698
0.0202448         0.75317        0.612752
0.0200424        0.749804        0.614839
0.0200424        0.759025        0.611053
0.0200424         0.76206         0.61591
0.0198419        0.761196        0.615484
0.0198419        0.753581        0.616281
0.0198419        0.768341         0.61402
0.0196435        0.761718        0.613395
0.0196435        0.757873        0.616826
0.0196435        0.762862        0.614048
0.0194471        0.771199        0.612697
0.0194471         0.76771        0.611508
0.0194471        0.770787        0.615185
0.0192526        0.772388        0.614021
0.0192526        0.770141        0.611415
0.0192526        0.762179        0.607332
0.0190601        0.766944        0.610995
0.0190601         0.76094        0.606251
0.0190601        0.768829        0.609084
0.0188695        0.766639        0.612076
0.0188695        0.761902        0.612747
0.0188695        0.768277        0.610979
0.0186808        0.763964         0.61001
0.0186808        0.756637        0.606015
0.0186808        0.747537        0.601831
0.018494        0.751928        0.605937
0.018494        0.748794        0.603694
0.018494         0.74575        0.606807
0.0183091        0.753353        0.601703
0.0183091        0.753324        0.600057
0.0183091        0.753813        0.598332
0.018126        0.760759        0.599272
0.018126        0.760258        0.602494
0.018126        0.757212        0.600765
0.0179447        0.749471        0.597108
0.0179447        0.755974        0.602042
0.0179447        0.762325        0.597756
0.0177653        0.765914        0.594659
0.0177653        0.774392        0.595453
0.0177653        0.782688        0.591268
0.0175876        0.775408        0.593773
0.0175876        0.785403        0.595511
0.0175876        0.784068        0.592453
0.0174117        0.786255        0.589203
0.0174117        0.784882          0.5869
0.0174117        0.780162        0.586397
0.0172376        0.785231        0.590189
0.0172376        0.776712        0.588338
0.0172376        0.779358        0.587887
0.0170652        0.782218        0.587945
0.0170652        0.788925        0.584367
0.0170652        0.784441        0.582806
0.0168946        0.784112        0.588056
0.0168946        0.790727        0.589978
0.0168946        0.783467        0.589815
0.0167256        0.783564        0.591984
0.0167256        0.787114        0.595166
0.0167256        0.788222        0.592212
0.0165584        0.792012         0.59305
0.0165584        0.785671        0.589504
0.0165584        0.788864        0.588276
0.0163928         0.78695        0.584183
0.0163928        0.791375        0.583993
0.0163928        0.786364        0.588066
0.0162289        0.787522        0.586898
0.0162289        0.795254        0.585147
0.0162289        0.790327        0.583951
0.0160666        0.787097        0.587993
0.0160666        0.781868        0.588448
0.0160666        0.788301        0.590409
0.0159059        0.788135          0.5938
0.0159059         0.79298        0.597029
0.0159059        0.786723        0.593878
0.0157469        0.788635        0.595792
0.0157469        0.788249        0.597199
0.0157469        0.787566        0.596839
0.0155894        0.780802        0.600443
0.0155894        0.774845        0.602159
0.0155894        0.771631        0.604136
0.0154335        0.766522        0.604662
0.0154335         0.76576        0.601072
0.0154335        0.768759        0.605099
0.0152792        0.775441        0.606246
0.0152792        0.776157        0.603905
0.0152792        0.776487         0.60275
0.0151264        0.769916        0.599849
0.0151264        0.772049        0.601784
0.0151264        0.770625        0.604328
0.0149751        0.772432        0.604494
0.0149751        0.765562        0.604812
0.0149751        0.758189        0.602282
0.0148254        0.762261        0.607844
0.0148254        0.765196         0.60835
0.0148254        0.767838        0.606793
0.0146771        0.771402        0.605126
0.0146771        0.774705        0.608601
0.0146771        0.768476        0.611572
0.0145303        0.766707        0.611684
0.0145303        0.766153        0.614153
0.0145303        0.772815        0.610862
0.014385        0.772051        0.609794
0.014385        0.771465        0.608174
0.014385        0.767177        0.606085
0.0142412        0.764793        0.603507
0.0142412        0.770135        0.601008
0.0142412        0.766896          0.6013
0.0140988        0.770823        0.603344
0.0140988        0.768546        0.605373
0.0140988        0.766578        0.604338
0.0139578        0.760595        0.606841
0.0139578        0.763458        0.607287
0.0139578        0.762204        0.606638
0.0138182        0.763132        0.607792
0.0138182        0.764601        0.609342
0.0138182        0.767409        0.606477
0.01368        0.760769        0.607197
0.01368        0.760348         0.60789
0.01368        0.753511        0.605556
0.0135432         0.75475        0.602919
0.0135432         0.76049        0.599767
0.0135432        0.758027        0.602193
0.0134078        0.760009        0.599613
0.0134078        0.761342        0.596961
0.0134078        0.765027        0.594544
0.0132737        0.768665        0.591282
0.0132737        0.770031        0.588756
0.0132737        0.773485        0.588238
0.013141        0.774889        0.587023
0.013141         0.77989        0.586761
0.013141        0.781689        0.584667
0.0130096        0.773496        0.585971
0.0130096        0.767225        0.584564
0.0130096        0.767866        0.585845
0.0128795         0.76711         0.58295
0.0128795        0.761598        0.583346
0.0128795        0.766527        0.586231
0.0127507        0.772013        0.583907
0.0127507         0.77138        0.586092
0.0127507        0.768222        0.588686
0.0126232        0.766234         0.58619
0.0126232        0.760648        0.589299
0.0126232        0.760046        0.589012
0.0124969        0.760408        0.589055
0.0124969        0.755067        0.586126
0.0124969        0.749595        0.584443
0.012372        0.746176        0.586021
0.012372        0.741656        0.584389
0.012372        0.744991        0.583033
0.0122482        0.745619        0.581572
0.0122482        0.740442        0.582697
0.0122482        0.746325        0.580327
0.0121258        0.746609        0.578507
0.0121258        0.745177        0.580002
0.0121258         0.74831        0.580139
0.0120045        0.754208        0.581525
0.0120045        0.759005        0.583791
0.0120045        0.763249        0.583542
0.0118845        0.759325        0.585152
0.0118845        0.762879        0.582677
0.0118845        0.765381        0.580058
0.0117656        0.768763         0.57741
0.0117656        0.770429        0.579763
0.0117656         0.76537        0.581219
0.011648        0.769053        0.579031
0.011648        0.771382        0.578692
0.011648        0.774194        0.579598
0.0115315        0.768754        0.577784
0.0115315        0.775216        0.577253
0.0115315        0.775183        0.578995
0.0114162        0.779675        0.580195
0.0114162        0.775069        0.579648
0.0114162        0.780085        0.579915
0.011302        0.784896        0.582658
0.011302        0.781615        0.582248
0.011302        0.786219        0.581245
0.011189         0.78834        0.582225
0.011189        0.785258         0.58374
0.011189        0.789233        0.581558
0.0110771        0.786284        0.583064
0.0110771        0.787769        0.581084
0.0110771        0.784629        0.578895
0.0109663        0.779917        0.580617
0.0109663        0.776773        0.581935
0.0109663        0.777931        0.580525
0.0108567        0.774325        0.579968
0.0108567        0.778305        0.578788
0.0108567        0.774225        0.577071
0.0107481        0.774445        0.579514
0.0107481        0.776685        0.578631
0.0107481        0.774143        0.576067
0.0106406            0.77        0.573424
0.0106406        0.775456        0.578061
0.0106406         0.77871         0.57914
0.0105342        0.783856        0.581501
0.0105342        0.786452        0.581307
0.0105342        0.791415         0.58385
0.0104289         0.79434        0.586407
0.0104289        0.794799        0.586327
0.0104289        0.791646        0.588082
0.0103246        0.788433        0.588496
0.0103246         0.79028         0.58727
0.0103246        0.792734        0.586334
0.0102213        0.795885        0.585784
0.0102213        0.794293        0.587752
0.0102213        0.796923        0.587095
0.0101191        0.799181        0.585901
0.0101191        0.796183        0.583504
0.0101191        0.791157        0.582718
0.0100179        0.794728        0.584119
0.0100179        0.795579          0.5822
0.0100179        0.792277        0.584442
