#     BLOCK:   ACTUAL_T:     T_AVE:       ERROR:
           1     1.00229     1.00229           0
           2     1.12477     1.06353   0.0433032
           3     1.18456     1.10387   0.0438016
           4     1.18844     1.12501   0.0376089
           5      1.1934     1.13869   0.0324789
           6     1.17932     1.14546   0.0277629
           7     1.19255     1.15219   0.0245981
           8     1.17844     1.15547   0.0217411
           9     1.16025       1.156   0.0193319
          10     1.18536     1.15894   0.0176202
          11     1.18354     1.16117   0.0161597
          12      1.1816     1.16288   0.0149024
          13     1.18385     1.16449   0.0138432
          14     1.21632     1.16819   0.0133403
          15     1.22355     1.17188   0.0129514
          16     1.24833     1.17666   0.0129934
          17     1.24898     1.18091   0.0129068
          18     1.22746      1.1835    0.012446
          19     1.18422     1.18354    0.011791
          20     1.23373     1.18605   0.0114654
          21     1.22781     1.18804   0.0110906
          22     1.21934     1.18946   0.0106774
          23     1.23119     1.19127   0.0103661
          24     1.22987     1.19288   0.0100582
          25     1.22875     1.19432  0.00975762
          26     1.27486     1.19741  0.00986182
          27      1.2342     1.19878  0.00959023
          28     1.18195     1.19818  0.00926653
          29     1.16486     1.19703  0.00901792
          30     1.20181     1.19719  0.00871873
          31     1.14765     1.19559  0.00858265
          32     1.16287     1.19457  0.00837511
          33     1.18501     1.19428  0.00812632
          34     1.22037     1.19504  0.00792346
          35      1.2045     1.19531  0.00770168
          36     1.21338     1.19582  0.00750407
          37     1.23058     1.19676  0.00735985
          38     1.21929     1.19735  0.00719002
          39     1.21009     1.19768  0.00701307
          40     1.19484      1.1976   0.0068381
          41     1.18547     1.19731  0.00667772
          42     1.20611     1.19752  0.00652202
          43     1.18946     1.19733  0.00637303
          44      1.2108     1.19764  0.00623553
          45      1.2577     1.19897   0.0062382
          46     1.22708     1.19958  0.00613244
          47      1.2355     1.20035  0.00604938
          48     1.18588     1.20005  0.00593086
          49      1.1931      1.1999  0.00581152
          50     1.20808     1.20007  0.00569759
          51     1.21545     1.20037  0.00559384
          52     1.20523     1.20046  0.00548705
          53     1.22005     1.20083  0.00539595
          54      1.2078     1.20096  0.00529757
          55     1.22669     1.20143  0.00522186
          56     1.19319     1.20128  0.00513068
          57      1.1995     1.20125  0.00504076
          58     1.23075     1.20176  0.00497945
          59      1.2392     1.20239  0.00493532
          60     1.19599     1.20229  0.00485422
          61     1.19539     1.20217  0.00477595
          62     1.17119     1.20167  0.00472499
          63     1.16442     1.20108  0.00468685
          64     1.16975     1.20059  0.00463912
          65     1.21075     1.20075  0.00457038
          66     1.21644     1.20099  0.00450732
          67     1.23452     1.20149  0.00446774
          68     1.20668     1.20156  0.00440269
          69     1.22392     1.20189  0.00435079
          70       1.219     1.20213   0.0042955
          71     1.22687     1.20248  0.00424911
          72     1.21907     1.20271  0.00419634
          73     1.21205     1.20284   0.0041408
          74     1.21307     1.20298  0.00408715
          75     1.21651     1.20316  0.00403663
          76     1.19502     1.20305  0.00398494
          77     1.18675     1.20284   0.0039388
          78     1.19018     1.20268  0.00389165
          79     1.17492     1.20232  0.00385822
          80     1.15737     1.20176   0.0038507
          81     1.18607     1.20157  0.00380803
          82     1.20872     1.20166  0.00376259
          83     1.21106     1.20177  0.00371896
          84     1.20594     1.20182  0.00367502
          85     1.19618     1.20175  0.00363238
          86     1.20582      1.2018  0.00359045
          87     1.20687     1.20186  0.00354965
          88     1.19307     1.20176  0.00351072
          89     1.23826     1.20217  0.00349515
          90     1.24882     1.20269  0.00349454
          91     1.24092     1.20311   0.0034813
          92     1.19607     1.20303   0.0034443
          93     1.20647     1.20307  0.00340746
          94     1.20358     1.20307  0.00337122
          95     1.22258     1.20328  0.00334198
          96     1.20827     1.20333  0.00330758
          97     1.21189     1.20342  0.00327465
          98     1.22862     1.20368  0.00325132
          99      1.2215     1.20386  0.00322346
         100     1.22491     1.20407  0.00319809
         101     1.21875     1.20421  0.00316973
         102     1.21452     1.20431  0.00314027
         103     1.25034     1.20476  0.00314142
         104     1.25691     1.20526  0.00315098
         105     1.27327     1.20591  0.00318685
         106     1.24633     1.20629  0.00317952
         107     1.20698      1.2063  0.00314981
         108     1.18467      1.2061    0.003127
         109     1.20646      1.2061  0.00309832
         110     1.22201     1.20624  0.00307352
         111      1.2228     1.20639  0.00304945
         112     1.22989      1.2066  0.00302943
         113     1.22835      1.2068  0.00300873
         114     1.23602     1.20705  0.00299324
         115      1.2359      1.2073   0.0029777
         116     1.27009     1.20784  0.00300082
         117     1.23914     1.20811  0.00298707
         118     1.22216     1.20823  0.00296412
         119     1.18827     1.20806  0.00294396
         120     1.20908     1.20807  0.00291944
         121     1.21315     1.20811  0.00289561
         122     1.20583     1.20809  0.00287194
         123     1.21279     1.20813  0.00284884
         124     1.17634     1.20788  0.00283738
         125     1.19764     1.20779  0.00281587
         126     1.19001     1.20765  0.00279706
         127     1.17891     1.20743  0.00278417
         128     1.19227     1.20731  0.00276494
         129     1.18261     1.20712  0.00275012
         130     1.17415     1.20686  0.00274063
         131     1.18306     1.20668  0.00272573
         132     1.18187     1.20649  0.00271155
         133     1.18507     1.20633  0.00269595
         134     1.24663     1.20663  0.00269255
         135     1.22712     1.20679  0.00267688
         136     1.20992     1.20681  0.00265729
         137     1.18718     1.20667  0.00264176
         138     1.19592     1.20659  0.00262376
         139     1.21121     1.20662  0.00260509
         140      1.2428     1.20688  0.00259927
         141     1.20278     1.20685    0.002581
         142     1.20317     1.20682  0.00256296
         143     1.21953     1.20691  0.00254657
         144     1.22056     1.20701  0.00253065
         145     1.22299     1.20712  0.00251559
         146     1.18482     1.20697    0.002503
         147     1.19608     1.20689  0.00248707
         148     1.18104     1.20672  0.00247639
         149     1.17994     1.20654  0.00246628
         150     1.19405     1.20645  0.00245124
         151     1.19085     1.20635  0.00243719
         152     1.19052     1.20625  0.00242338
         153     1.18667     1.20612  0.00241091
         154     1.18483     1.20598  0.00239922
         155     1.19839     1.20593  0.00238424
         156     1.18533      1.2058  0.00237261
         157     1.20849     1.20582  0.00235756
         158     1.19908     1.20577  0.00234302
         159     1.16612     1.20552  0.00234153
         160     1.18826     1.20542  0.00232938
         161     1.19886     1.20538  0.00231526
         162     1.20399     1.20537  0.00230099
         163     1.20617     1.20537  0.00228688
         164     1.19082     1.20528  0.00227465
         165     1.19647     1.20523  0.00226149
         166     1.19608     1.20517  0.00224854
         167     1.25116     1.20545  0.00225188
         168      1.2044     1.20544  0.00223848
         169     1.21139     1.20548  0.00222551
         170     1.23699     1.20566  0.00222013
         171     1.20558     1.20566  0.00220715
         172     1.19592     1.20561  0.00219504
         173     1.22741     1.20573  0.00218597
         174     1.21366     1.20578  0.00217388
         175     1.21611     1.20584  0.00216226
         176     1.22077     1.20592  0.00215164
         177     1.21674     1.20598  0.00214035
         178       1.217     1.20605  0.00212922
         179     1.21653      1.2061  0.00211813
         180     1.21582     1.20616  0.00210705
         181     1.22761     1.20628  0.00209874
         182      1.2378     1.20645  0.00209434
         183     1.20421     1.20644  0.00208294
         184     1.21875      1.2065  0.00207269
         185     1.15668     1.20623  0.00207891
         186     1.16484     1.20601  0.00207961
         187      1.2014     1.20599  0.00206864
         188     1.19738     1.20594  0.00205814
         189     1.21142     1.20597  0.00204745
         190     1.20963     1.20599  0.00203677
         191     1.21125     1.20602  0.00202629
         192       1.191     1.20594  0.00201725
         193     1.17956      1.2058  0.00201142
         194     1.16789     1.20561  0.00201052
         195     1.22684     1.20572  0.00200316
         196     1.23011     1.20584   0.0019968
         197      1.2151     1.20589  0.00198722
         198      1.2318     1.20602  0.00198149
         199     1.20507     1.20601  0.00197153
         200     1.20245       1.206  0.00196176
         201     1.20963     1.20601  0.00195208
         202     1.19842     1.20598  0.00194278
         203     1.16541     1.20578  0.00194346
         204     1.17623     1.20563  0.00193932
         205     1.17095     1.20546  0.00193723
         206     1.20829     1.20548  0.00192787
         207     1.19739     1.20544  0.00191895
         208     1.23988      1.2056  0.00191686
         209     1.23682     1.20575   0.0019135
         210     1.23094     1.20587  0.00190814
         211     1.21036     1.20589  0.00189922
         212      1.2192     1.20596  0.00189129
         213      1.2307     1.20607  0.00188598
         214     1.23802     1.20622  0.00188306
         215     1.24011     1.20638  0.00188089
         216     1.22408     1.20646  0.00187397
         217     1.21622     1.20651  0.00186587
         218     1.22657      1.2066  0.00185958
         219     1.22195     1.20667  0.00185241
         220     1.22062     1.20673  0.00184508
         221     1.22033     1.20679  0.00183775
         222     1.22274     1.20687  0.00183088
         223      1.2306     1.20697  0.00182576
         224     1.22604     1.20706  0.00181959
         225     1.24439     1.20722  0.00181906
         226     1.24567     1.20739  0.00181894
         227     1.21967     1.20745  0.00181173
         228     1.23577     1.20757  0.00180804
         229     1.26948     1.20784  0.00182025
         230     1.27153     1.20812  0.00183328
         231     1.27651     1.20841  0.00184909
         232     1.28237     1.20873  0.00186839
         233     1.26358     1.20897  0.00187514
         234     1.24248     1.20911  0.00187259
         235     1.24656     1.20927  0.00187139
         236      1.2359     1.20938  0.00186686
         237     1.23067     1.20947  0.00186114
         238     1.23585     1.20958  0.00185662
         239     1.25602     1.20978  0.00185899
         240      1.2231     1.20983  0.00185207
         241     1.22632      1.2099  0.00184565
         242     1.19487     1.20984  0.00183907
         243     1.19745     1.20979  0.00183221
         244      1.2128      1.2098  0.00182474
         245     1.22006     1.20984  0.00181777
         246     1.20267     1.20981  0.00181062
         247     1.18787     1.20973  0.00180546
         248     1.17242     1.20958  0.00180444
         249     1.20775     1.20957  0.00179721
         250     1.20197     1.20954  0.00179027
         251     1.18149     1.20943  0.00178663
         252     1.17167     1.20928  0.00178581
         253     1.18555     1.20918  0.00178121
         254     1.17862     1.20906  0.00177826
         255     1.20186     1.20903  0.00177151
         256     1.20674     1.20902  0.00176461
         257     1.24019     1.20915  0.00176191
         258     1.23182     1.20923  0.00175727
         259     1.20441     1.20922  0.00175058
         260       1.221     1.20926  0.00174444
         261     1.21107     1.20927  0.00173777
         262     1.19771     1.20922  0.00173169
         263     1.21145     1.20923  0.00172513
         264     1.23733     1.20934  0.00172187
         265     1.20845     1.20934  0.00171538
         266     1.18688     1.20925  0.00171101
         267     1.18265     1.20915   0.0017075
         268     1.17282     1.20902   0.0017065
         269     1.20451       1.209  0.00170024
         270     1.19518     1.20895  0.00169471
         271     1.22678     1.20901  0.00168973
         272     1.25329     1.20918  0.00169134
         273     1.22947     1.20925  0.00168678
         274     1.18857     1.20917  0.00168231
         275     1.15367     1.20897  0.00168826
         276     1.19944     1.20894   0.0016825
         277     1.16326     1.20877  0.00168448
         278     1.15427     1.20858  0.00168979
         279     1.17171     1.20845  0.00168889
         280     1.19861     1.20841  0.00168323
         281     1.17205     1.20828   0.0016822
         282     1.17795     1.20817  0.00167967
         283     1.19721     1.20813  0.00167418
         284     1.21025     1.20814  0.00166831
         285     1.22222     1.20819  0.00166318
         286     1.18603     1.20811  0.00165917
         287     1.19845     1.20808  0.00165373
         288     1.23576     1.20818  0.00165078
         289     1.22906     1.20825  0.00164665
         290     1.19994     1.20822  0.00164122
         291     1.20722     1.20822  0.00163559
         292     1.18808     1.20815  0.00163144
         293     1.20856     1.20815  0.00162587
         294     1.19558     1.20811   0.0016209
         295     1.20704      1.2081  0.00161541
         296     1.22802     1.20817  0.00161136
         297     1.22133     1.20821  0.00160654
         298     1.22566     1.20827  0.00160221
         299     1.22211     1.20832  0.00159752
         300     1.24603     1.20844  0.00159714
         301     1.26154     1.20862  0.00160154
         302     1.28679     1.20888  0.00161702
         303     1.27143     1.20909  0.00162481
         304     1.24988     1.20922  0.00162499
         305     1.24444     1.20934  0.00162376
         306     1.24736     1.20946   0.0016232
         307     1.22321     1.20951  0.00161854
         308     1.23676     1.20959   0.0016157
         309     1.26816     1.20978  0.00162155
         310     1.25598     1.20993  0.00162315
         311     1.24143     1.21003  0.00162109
         312      1.2471     1.21015  0.00162024
         313     1.26889     1.21034   0.0016259
         314     1.25988      1.2105  0.00162835
         315     1.25367     1.21063  0.00162894
         316     1.22157     1.21067  0.00162416
         317     1.20382     1.21065  0.00161918
         318     1.22441     1.21069  0.00161466
         319       1.205     1.21067   0.0016097
         320     1.18162     1.21058  0.00160723
         321     1.20308     1.21056  0.00160239
         322     1.21763     1.21058  0.00159756
         323      1.1891     1.21051    0.001594
         324     1.18119     1.21042  0.00159165
         325     1.18906     1.21036  0.00158811
         326     1.19289      1.2103  0.00158414
         327     1.18504     1.21023  0.00158118
         328     1.19753     1.21019  0.00157683
         329     1.17441     1.21008  0.00157579
         330     1.18046     1.20999  0.00157356
         331     1.24788      1.2101  0.00157297
         332     1.20119     1.21008  0.00156846
         333     1.19798     1.21004  0.00156417
         334     1.18846     1.20998  0.00156082
         335     1.19013     1.20992  0.00155729
         336     1.21138     1.20992  0.00155266
         337     1.20825     1.20992  0.00154806
         338     1.21338     1.20993  0.00154351
         339     1.21028     1.20993  0.00153896
         340     1.24916     1.21004  0.00153875
         341     1.21176     1.21005  0.00153425
         342     1.22515     1.21009   0.0015304
         343     1.22258     1.21013  0.00152637
         344     1.23053     1.21019  0.00152308
         345     1.23688     1.21027  0.00152063
         346     1.23893     1.21035  0.00151849
         347     1.23164     1.21041  0.00151535
         348     1.22438     1.21045  0.00151153
         349     1.23106     1.21051  0.00150835
         350     1.25594     1.21064  0.00150962
         351     1.23216      1.2107  0.00150656
         352     1.20568     1.21069  0.00150235
         353     1.19484     1.21064  0.00149876
         354     1.17214     1.21053  0.00149847
         355     1.18059     1.21045  0.00149662
         356     1.19734     1.21041  0.00149287
         357     1.22376     1.21045  0.00148916
         358     1.22034     1.21048  0.00148525
         359     1.27102     1.21065  0.00149066
         360      1.2671      1.2108  0.00149474
         361     1.23987     1.21088  0.00149277
         362     1.24891     1.21099  0.00149234
         363     1.25358      1.2111  0.00149283
         364     1.23731     1.21118  0.00149047
         365     1.22036      1.2112   0.0014866
         366     1.21608     1.21122  0.00148259
         367     1.21514     1.21123  0.00147859
         368     1.20145      1.2112  0.00147481
         369     1.19062     1.21114  0.00147187
         370     1.18207     1.21107  0.00146999
         371     1.17893     1.21098  0.00146858
         372     1.18298      1.2109  0.00146656
         373     1.16442     1.21078  0.00146791
         374     1.20508     1.21076  0.00146406
         375     1.21539     1.21078  0.00146021
         376     1.19274     1.21073  0.00145711
         377     1.18276     1.21065  0.00145514
         378     1.17869     1.21057  0.00145374
         379     1.17835     1.21048  0.00145239
         380     1.22884     1.21053  0.00144937
         381     1.21126     1.21053  0.00144557
         382     1.22493     1.21057  0.00144228
         383     1.20422     1.21056  0.00143861
         384     1.20748     1.21055  0.00143488
         385     1.17564     1.21046  0.00143402
         386      1.1753     1.21037  0.00143319
         387     1.19696     1.21033  0.00142991
         388      1.2057     1.21032  0.00142627
         389     1.20741     1.21031  0.00142262
         390     1.27499     1.21048  0.00142861
         391     1.26206     1.21061  0.00143104
         392     1.27366     1.21077   0.0014364
         393     1.23081     1.21082  0.00143365
         394     1.23822     1.21089  0.00143169
         395     1.23146     1.21094  0.00142902
         396     1.22656     1.21098  0.00142595
         397      1.2296     1.21103  0.00142313
         398     1.21784     1.21105  0.00141966
         399     1.20844     1.21104  0.00141612
         400     1.21799     1.21106  0.00141268
         401      1.1947     1.21102  0.00140975
         402     1.23188     1.21107   0.0014072
         403     1.23751     1.21113  0.00140523
         404      1.2393      1.2112  0.00140348
         405     1.28086     1.21138  0.00141052
         406      1.2466     1.21146  0.00140971
         407     1.23133     1.21151  0.00140709
         408     1.21603     1.21152  0.00140369
         409     1.20187      1.2115  0.00140045
         410     1.23608     1.21156  0.00139832
         411     1.20706     1.21155  0.00139496
         412     1.23498      1.2116  0.00139273
         413     1.21323     1.21161  0.00138937
         414     1.22506     1.21164  0.00138639
         415     1.22405     1.21167  0.00138337
         416     1.21392     1.21168  0.00138006
         417     1.20014     1.21165  0.00137702
         418     1.21783     1.21166  0.00137381
         419     1.23653     1.21172  0.00137181
         420     1.21478     1.21173  0.00136856
         421     1.18877     1.21168   0.0013664
         422     1.21984     1.21169   0.0013633
         423     1.23313     1.21175  0.00136102
         424     1.20884     1.21174  0.00135783
         425     1.22213     1.21176  0.00135485
         426     1.21297     1.21177  0.00135167
         427     1.21323     1.21177  0.00134851
         428     1.21394     1.21177  0.00134537
         429     1.18448     1.21171  0.00134374
         430     1.19346     1.21167  0.00134128
         431     1.17008     1.21157  0.00134164
         432     1.16275     1.21146  0.00134328
         433     1.18403      1.2114  0.00134167
         434     1.20305     1.21138  0.00133872
         435     1.19178     1.21133   0.0013364
         436     1.20522     1.21132  0.00133341
         437     1.20743     1.21131  0.00133039
         438     1.22592     1.21134  0.00132777
         439     1.20967     1.21134  0.00132475
         440     1.23107     1.21138   0.0013225
         441     1.20659     1.21137  0.00131954
         442     1.24735     1.21145  0.00131907
         443     1.22461     1.21148  0.00131642
         444     1.22143     1.21151  0.00131365
         445     1.24752     1.21159  0.00131319
         446     1.22204     1.21161  0.00131045
         447     1.23923     1.21167  0.00130898
         448     1.23292     1.21172  0.00130691
         449      1.1831     1.21166  0.00130556
         450      1.2263     1.21169  0.00130306
         451     1.22741     1.21172  0.00130064
         452     1.24778      1.2118   0.0013002
         453     1.20703     1.21179  0.00129738
         454     1.19062     1.21175  0.00129536
         455      1.2198     1.21176  0.00129263
         456     1.26644     1.21188  0.00129534
         457     1.27411     1.21202  0.00129965
         458     1.25599     1.21211  0.00130035
         459     1.23495     1.21216  0.00129847
         460     1.21744     1.21218   0.0012957
         461     1.23558     1.21223  0.00129388
         462      1.2552     1.21232  0.00129442
         463     1.26061     1.21242  0.00129582
         464     1.18728     1.21237  0.00129416
         465     1.21296     1.21237  0.00129138
         466     1.26376     1.21248  0.00129331
         467     1.21709     1.21249  0.00129057
         468     1.19443     1.21245  0.00128839
         469     1.21427     1.21246  0.00128565
         470     1.20833     1.21245  0.00128295
         471     1.20041     1.21242  0.00128048
         472     1.17284     1.21234  0.00128051
         473     1.19111     1.21229  0.00127859
         474     1.20745     1.21228  0.00127593
         475     1.20287     1.21226   0.0012734
         476      1.1662     1.21217  0.00127439
         477     1.21474     1.21217  0.00127173
         478     1.17887      1.2121  0.00127098
         479     1.17557     1.21203  0.00127061
         480     1.18131     1.21196  0.00126958
         481     1.17744     1.21189  0.00126897
         482     1.17607     1.21182  0.00126851
         483     1.18674     1.21176  0.00126694
         484     1.18371     1.21171  0.00126565
         485     1.20503     1.21169  0.00126312
         486     1.19623     1.21166  0.00126092
         487     1.19444     1.21163  0.00125882
         488     1.24045     1.21168  0.00125763
         489     1.23446     1.21173  0.00125592
         490     1.23395     1.21178  0.00125418
         491      1.2751     1.21191  0.00125823
         492     1.24665     1.21198  0.00125766
         493     1.25329     1.21206   0.0012579
         494      1.2312      1.2121  0.00125595
         495     1.22991     1.21213  0.00125392
         496     1.21042     1.21213   0.0012514
         497     1.25707     1.21222  0.00125215
         498     1.24953      1.2123  0.00125187
         499     1.22937     1.21233  0.00124983
         500     1.20261     1.21231  0.00124748
         501     1.19737     1.21228  0.00124535
         502     1.20453     1.21227  0.00124296
         503     1.21154     1.21226  0.00124049
         504     1.20553     1.21225   0.0012381
         505     1.19073     1.21221  0.00123638
         506     1.21445     1.21221  0.00123395
         507     1.19375     1.21218  0.00123205
         508      1.1778     1.21211  0.00123148
         509     1.18166     1.21205  0.00123052
         510     1.17143     1.21197  0.00123068
         511     1.18338     1.21191  0.00122954
         512     1.16937     1.21183  0.00122994
         513     1.14054     1.21169  0.00123537
         514      1.1689     1.21161  0.00123577
         515     1.15619      1.2115  0.00123805
         516     1.16389     1.21141  0.00123908
         517     1.13602     1.21126  0.00124524
         518     1.15398     1.21115  0.00124773
         519     1.16861     1.21107  0.00124802
         520     1.20034     1.21105  0.00124579
         521      1.2007     1.21103  0.00124356
         522     1.21094     1.21103  0.00124117
         523     1.20718     1.21102  0.00123882
         524     1.18163     1.21097  0.00123773
         525     1.18287     1.21091  0.00123653
         526     1.18705     1.21087  0.00123501
         527      1.1745      1.2108  0.00123459
         528     1.18702     1.21075  0.00123307
         529     1.21254     1.21076  0.00123075
         530     1.20369     1.21074   0.0012285
         531      1.1835     1.21069  0.00122725
         532     1.19687     1.21067  0.00122522
         533      1.1866     1.21062  0.00122375
         534     1.17178     1.21055  0.00122362
         535     1.19525     1.21052  0.00122167
         536     1.18219     1.21047  0.00122053
         537     1.16293     1.21038  0.00122147
         538     1.17179     1.21031   0.0012213
         539     1.19792     1.21028  0.00121925
         540     1.20252     1.21027  0.00121708
         541     1.18941     1.21023  0.00121544
         542     1.15562     1.21013  0.00121736
         543     1.16516     1.21005  0.00121794
         544     1.17819     1.20999   0.0012171
         545     1.18657     1.20995  0.00121563
         546     1.20881     1.20994   0.0012134
         547     1.19254     1.20991   0.0012116
         548     1.20677     1.20991   0.0012094
         549     1.18408     1.20986  0.00120812
         550     1.20837     1.20986  0.00120592
         551     1.19434     1.20983  0.00120406
         552     1.17943     1.20977  0.00120314
         553     1.17237      1.2097  0.00120286
         554     1.16773     1.20963  0.00120308
         555     1.16771     1.20955  0.00120328
         556     1.16426     1.20947  0.00120387
         557     1.17818     1.20942  0.00120302
         558     1.18058     1.20936  0.00120197
         559     1.18624     1.20932  0.00120053
         560     1.18041     1.20927   0.0011995
         561     1.20846     1.20927  0.00119736
         562     1.21255     1.20928  0.00119524
         563     1.18505     1.20923   0.0011939
         564     1.22192     1.20925  0.00119199
         565     1.21868     1.20927     0.00119
         566     1.19643     1.20925  0.00118811
         567     1.20617     1.20924  0.00118603
         568     1.17956     1.20919  0.00118509
         569      1.2075     1.20919  0.00118301
         570     1.19341     1.20916  0.00118126
         571     1.21173     1.20917   0.0011792
         572     1.18282     1.20912  0.00117804
         573     1.18688     1.20908  0.00117662
         574     1.20402     1.20907   0.0011746
         575     1.20668     1.20907  0.00117257
         576     1.18485     1.20903  0.00117129
         577     1.20017     1.20901  0.00116936
         578     1.20009     1.20899  0.00116744
         579     1.19006     1.20896  0.00116588
         580     1.21312     1.20897  0.00116389
         581     1.22668       1.209  0.00116229
         582     1.19368     1.20897  0.00116059
         583     1.19717     1.20895  0.00115877
         584     1.20206     1.20894  0.00115685
         585     1.22037     1.20896  0.00115504
         586     1.25928     1.20905  0.00115625
         587     1.20965     1.20905  0.00115428
         588     1.23576     1.20909  0.00115321
         589     1.22199     1.20911  0.00115146
         590     1.25805      1.2092  0.00115249
         591     1.27059      1.2093  0.00115522
         592     1.25406     1.20938  0.00115574
         593     1.25696     1.20946  0.00115657
         594     1.25145     1.20953  0.00115678
         595     1.27102     1.20963  0.00115944
         596     1.28465     1.20976  0.00116431
         597     1.26502     1.20985  0.00116603
         598     1.23599     1.20989   0.0011649
         599     1.21356      1.2099  0.00116297
         600     1.19949     1.20988  0.00116117
