#     BLOCK:   ACTUAL_T:     T_AVE:       ERROR:
           1    0.790658    0.790658           0
           2     0.79486    0.792759  0.00148583
           3    0.799196    0.794905  0.00201259
           4    0.790359    0.793768  0.00180191
           5    0.793836    0.793782  0.00144158
           6    0.795365    0.794046  0.00122523
           7    0.795114    0.794199  0.00105967
           8    0.788385    0.793472  0.00114971
           9    0.797147     0.79388  0.00109208
          10    0.791589    0.793651  0.00100662
          11    0.793344    0.793623 0.000915494
          12    0.795113    0.793747 0.000847578
          13    0.793749    0.793747  0.00078238
          14    0.796262    0.793927 0.000746821
          15    0.795192    0.794011 0.000701776
          16    0.794488    0.794041 0.000658547
          17    0.795454    0.794124 0.000625033
          18    0.794467    0.794143 0.000590599
          19    0.793628    0.794116 0.000560137
          20    0.794234    0.794122 0.000532161
          21    0.790524    0.793951 0.000533694
          22     0.79025    0.793782 0.000535291
          23    0.797772    0.793956  0.00053939
          24    0.794005    0.793958 0.000516919
          25    0.795833    0.794033 0.000501656
          26    0.794526    0.794052 0.000482719
          27    0.792108     0.79398  0.00047018
          28    0.791722    0.793899 0.000460253
          29    0.797536    0.794025 0.000461149
          30    0.796099    0.794094 0.000450929
          31    0.791944    0.794024 0.000441685
          32    0.794102    0.794027 0.000427889
          33    0.797161    0.794122 0.000425332
          34    0.793037     0.79409 0.000414017
          35    0.794673    0.794107 0.000402523
          36    0.793484    0.794089 0.000391713
          37    0.791823    0.794028 0.000385886
          38    0.795787    0.794074 0.000378498
          39     0.79577    0.794118 0.000371282
          40    0.792371    0.794074 0.000364558
          41     0.79431     0.79408 0.000355712
          42    0.794497     0.79409 0.000347381
          43    0.796423    0.794144 0.000343513
          44    0.798377     0.79424 0.000348917
          45    0.792244    0.794196 0.000343972
          46    0.793151    0.794173 0.000337243
          47    0.793746    0.794164 0.000330191
          48    0.797424    0.794232 0.000330224
          49    0.790794    0.794162 0.000330856
          50    0.795404    0.794187  0.00032517
          51    0.788288    0.794071 0.000338743
          52    0.791188    0.794016 0.000336735
          53    0.797248    0.794077 0.000335859
          54     0.79357    0.794067  0.00032977
          55    0.791513    0.794021 0.000327028
          56    0.799662    0.794122 0.000336346
          57    0.793215    0.794106 0.000330822
          58    0.790353    0.794041 0.000331383
          59    0.794592     0.79405 0.000325898
          60    0.795495    0.794074 0.000321355
          61    0.791396     0.79403 0.000319072
          62    0.794848    0.794044 0.000314198
          63    0.796983     0.79409 0.000312655
          64     0.79631    0.794125 0.000309687
          65    0.793203    0.794111 0.000305247
          66    0.794129    0.794111 0.000300622
          67     0.79313    0.794096 0.000296491
          68    0.795297    0.794114 0.000292656
          69    0.792575    0.794092 0.000289263
          70    0.795945    0.794118  0.00028634
          71    0.795217    0.794134 0.000282724
          72    0.795425    0.794152 0.000279366
          73    0.792908    0.794135 0.000276058
          74    0.796388    0.794165 0.000274002
          75    0.791621    0.794131  0.00027244
          76    0.796798    0.794166 0.000271105
          77     0.79555    0.794184 0.000268179
          78     0.79367    0.794178 0.000264822
          79    0.794392     0.79418 0.000261484
          80     0.78887    0.794114 0.000266506
          81    0.794133    0.794114 0.000263216
          82    0.800443    0.794191 0.000271087
          83    0.795722     0.79421 0.000268448
          84    0.793317    0.794199 0.000265463
          85     0.79445    0.794202 0.000262356
          86    0.792702    0.794185 0.000259885
          87    0.792128    0.794161 0.000257971
          88    0.793523    0.794154 0.000255141
          89     0.79262    0.794137 0.000252856
          90    0.793997    0.794135 0.000250051
          91    0.785028    0.794035  0.00026658
          92     0.79462    0.794041 0.000263758
          93    0.799613    0.794101  0.00026764
          94    0.795614    0.794117 0.000265276
          95    0.792798    0.794103 0.000262847
          96    0.796524    0.794129 0.000261315
          97    0.791236    0.794099 0.000260318
          98    0.792333    0.794081 0.000258284
          99     0.79332    0.794073 0.000255789
         100    0.796695    0.794099 0.000254572
         101    0.793515    0.794094 0.000252117
         102      0.7949    0.794101 0.000249769
         103    0.793945      0.7941 0.000247349
         104    0.796538    0.794123 0.000246079
         105    0.796658    0.794147 0.000244917
         106    0.796544     0.79417 0.000243648
         107    0.797466    0.794201  0.00024331
         108    0.794836    0.794207 0.000241128
         109    0.793028    0.794196 0.000239159
         110    0.794123    0.794195 0.000236985
         111    0.791204    0.794168 0.000236378
         112     0.79181    0.794147 0.000235204
         113    0.798303    0.794184  0.00023598
         114     0.79209    0.794166 0.000234623
         115    0.789765    0.794127 0.000235684
         116    0.794887    0.794134 0.000233743
         117     0.79601     0.79415 0.000232295
         118    0.793915    0.794148 0.000230335
         119    0.793639    0.794144 0.000228439
         120    0.794487    0.794147 0.000226553
         121    0.795507    0.794158 0.000224959
         122    0.794704    0.794162  0.00022316
         123    0.792598     0.79415 0.000221708
         124     0.79508    0.794157 0.000220047
         125    0.794039    0.794156 0.000218288
         126    0.796504    0.794175  0.00021735
         127    0.792209    0.794159 0.000216189
         128    0.788791    0.794117  0.00021853
         129    0.796959    0.794139 0.000217943
         130    0.795723    0.794152 0.000216607
         131    0.790644    0.794125 0.000216602
         132    0.798482    0.794158 0.000217461
         133     0.79402    0.794157 0.000215829
         134    0.795463    0.794167 0.000214438
         135    0.795005    0.794173 0.000212939
         136    0.792242    0.794159 0.000211846
         137    0.790275     0.79413 0.000212188
         138    0.793877    0.794128 0.000210658
         139    0.795459    0.794138  0.00020936
         140    0.792586    0.794127 0.000208158
         141     0.79566    0.794138 0.000206965
         142    0.792123    0.794124 0.000205994
         143    0.797665    0.794148 0.000206037
         144    0.796107    0.794162 0.000205055
         145    0.795764    0.794173 0.000203938
         146    0.789821    0.794143 0.000204708
         147    0.789736    0.794113 0.000205499
         148    0.795533    0.794123 0.000204334
         149    0.787113    0.794076 0.000208308
         150    0.801881    0.794128 0.000213321
         151    0.789753    0.794099 0.000213866
         152    0.793117    0.794092 0.000212556
         153    0.786755    0.794044  0.00021651
         154    0.799511     0.79408 0.000217994
         155     0.79434    0.794082 0.000216594
         156    0.792801    0.794073 0.000215362
         157    0.796269    0.794087 0.000214444
         158    0.796533    0.794103 0.000213644
         159    0.795296     0.79411 0.000212432
         160    0.791327    0.794093 0.000211816
         161    0.795245      0.7941 0.000210621
         162    0.795562    0.794109 0.000209514
         163    0.793594    0.794106 0.000208252
         164    0.792538    0.794096 0.000207202
         165    0.793925    0.794095 0.000205949
         166    0.788133    0.794059 0.000207817
         167    0.795289    0.794067 0.000206702
         168    0.790932    0.794048 0.000206313
         169    0.796091     0.79406 0.000205446
         170    0.796177    0.794073 0.000204614
         171    0.791066    0.794055 0.000204172
         172    0.799323    0.794086 0.000205269
         173    0.791178    0.794069  0.00020477
         174    0.792663    0.794061 0.000203752
         175    0.793888     0.79406  0.00020259
         176    0.794128     0.79406  0.00020144
         177    0.791291    0.794045 0.000200908
         178    0.792716    0.794037 0.000199918
         179    0.794254    0.794038 0.000198805
         180    0.797047    0.794055 0.000198402
         181    0.793064     0.79405 0.000197381
         182    0.791786    0.794037 0.000196688
         183    0.795387    0.794044 0.000195751
         184     0.79152    0.794031 0.000195168
         185    0.792426    0.794022 0.000194305
         186       0.796    0.794033 0.000193552
         187    0.796999    0.794049 0.000193165
         188     0.79207    0.794038 0.000192424
         189    0.792655    0.794031 0.000191545
         190    0.796255    0.794042 0.000190895
         191    0.796424    0.794055 0.000190302
         192    0.792829    0.794049 0.000189418
         193    0.799428    0.794076 0.000190477
         194     0.79651    0.794089 0.000189907
         195     0.78948    0.794065 0.000190399
         196    0.792268    0.794056 0.000189648
         197    0.799061    0.794082 0.000190379
         198    0.796706    0.794095 0.000189878
         199    0.789745    0.794073 0.000190178
         200    0.792286    0.794064 0.000189437
         201    0.791961    0.794054 0.000188783
         202    0.795645    0.794061 0.000188013
         203    0.793009    0.794056 0.000187158
         204    0.794827     0.79406 0.000186279
         205    0.795741    0.794068 0.000185551
         206    0.794824    0.794072 0.000184686
         207    0.793832    0.794071 0.000183798
         208     0.79164    0.794059 0.000183285
         209    0.797107    0.794074 0.000182987
         210    0.796932    0.794087 0.000182622
         211    0.795563    0.794094  0.00018189
         212    0.794444    0.794096  0.00018104
         213    0.795563    0.794103 0.000180321
         214    0.795061    0.794107 0.000179534
         215    0.793922    0.794106 0.000178701
         216    0.795461    0.794113 0.000177983
         217    0.787991    0.794084 0.000179385
         218     0.79771    0.794101 0.000179332
         219    0.799545    0.794126 0.000180227
         220    0.794898    0.794129 0.000179442
         221    0.790616    0.794114 0.000179333
         222    0.792656    0.794107 0.000178646
         223    0.792509      0.7941 0.000177988
         224    0.791665    0.794089 0.000177525
         225    0.794589    0.794091  0.00017675
         226    0.792736    0.794085  0.00017607
         227    0.792603    0.794079 0.000175415
         228    0.794129    0.794079 0.000174646
         229    0.793919    0.794078 0.000173884
         230    0.789092    0.794056 0.000174474
         231     0.79946     0.79408  0.00017528
         232    0.792981    0.794075 0.000174588
         233    0.797055    0.794088 0.000174307
         234    0.797371    0.794102 0.000174126
         235    0.799193    0.794124 0.000174727
         236    0.792723    0.794118 0.000174087
         237    0.793481    0.794115 0.000173374
         238    0.797134    0.794128 0.000173109
         239    0.797797    0.794143 0.000173064
         240    0.790339    0.794127 0.000173067
         241    0.792235    0.794119 0.000172527
         242    0.798604    0.794138 0.000172807
         243    0.792588    0.794131 0.000172213
         244    0.790783    0.794118 0.000172053
         245     0.79873    0.794137 0.000172378
         246    0.792656    0.794131 0.000171782
         247    0.793272    0.794127 0.000171122
         248    0.798901    0.794146 0.000171511
         249    0.791291    0.794135 0.000171205
         250    0.793826    0.794134 0.000170525
         251      0.7967    0.794144 0.000170152
         252    0.793292     0.79414  0.00016951
         253    0.795183    0.794145  0.00016889
         254    0.792363    0.794138 0.000168371
         255    0.797404     0.79415 0.000168197
         256    0.792449    0.794144 0.000167671
         257    0.791997    0.794135 0.000167227
         258    0.794618    0.794137 0.000166589
         259    0.794881     0.79414 0.000165971
         260    0.795736    0.794146 0.000165446
         261    0.797205    0.794158 0.000165226
         262      0.7917    0.794149 0.000164862
         263    0.798147    0.794164 0.000164934
         264    0.791789    0.794155 0.000164555
         265    0.795852    0.794161 0.000164058
         266    0.791595    0.794152 0.000163725
         267    0.796502     0.79416 0.000163348
         268    0.791859    0.794152 0.000162964
         269    0.799337    0.794171 0.000163495
         270    0.794034    0.794171  0.00016289
         271    0.793842    0.794169 0.000162294
         272     0.79607    0.794176 0.000161847
         273    0.794519    0.794178 0.000161259
         274    0.793549    0.794175 0.000160687
         275    0.793603    0.794173 0.000160116
         276    0.796945    0.794183 0.000159851
         277    0.793534    0.794181 0.000159291
         278    0.797003    0.794191 0.000159041
         279    0.797577    0.794203 0.000158933
         280     0.79014    0.794189 0.000159027
         281    0.795756    0.794194 0.000158559
         282    0.790085     0.79418 0.000158664
         283    0.796049    0.794186 0.000158241
         284    0.791403    0.794176 0.000157987
         285     0.79359    0.794174 0.000157446
         286    0.791356    0.794165 0.000157204
         287    0.795443    0.794169 0.000156719
         288    0.793038    0.794165 0.000156224
         289     0.79824    0.794179 0.000156318
         290    0.790601    0.794167 0.000156266
         291    0.793718    0.794165 0.000155736
         292    0.791754    0.794157 0.000155422
         293     0.79778    0.794169 0.000155382
         294     0.79411    0.794169 0.000154854
         295    0.794684    0.794171 0.000154339
         296    0.793891     0.79417  0.00015382
         297    0.795264    0.794174 0.000153347
         298    0.793478    0.794171  0.00015285
         299    0.798288    0.794185 0.000152957
         300    0.793574    0.794183 0.000152461
         301    0.796441    0.794191 0.000152139
         302    0.791315    0.794181 0.000151933
         303    0.792687    0.794176 0.000151512
         304    0.791738    0.794168 0.000151225
         305    0.800014    0.794187 0.000151939
         306    0.794736    0.794189 0.000151453
         307    0.792366    0.794183 0.000151076
         308    0.795126    0.794186 0.000150617
         309    0.793349    0.794184 0.000150154
         310    0.790605    0.794172 0.000150112
         311    0.793207    0.794169 0.000149662
         312    0.797103    0.794178 0.000149477
         313     0.79497    0.794181 0.000149021
         314    0.794403    0.794182 0.000148548
         315    0.791751    0.794174 0.000148277
         316    0.797808    0.794185 0.000148253
         317    0.792209    0.794179 0.000147916
         318    0.790017    0.794166 0.000148029
         319    0.796065    0.794172 0.000147685
         320    0.795328    0.794176 0.000147267
         321    0.794207    0.794176 0.000146809
         322    0.792787    0.794171 0.000146416
         323    0.793352    0.794169 0.000145985
         324    0.795724    0.794174 0.000145613
         325    0.786771    0.794151 0.000146935
         326     0.79247    0.794146 0.000146575
         327    0.794744    0.794147 0.000146138
         328    0.793703    0.794146 0.000145699
         329    0.792745    0.794142 0.000145319
         330    0.793114    0.794139 0.000144912
         331     0.79381    0.794138 0.000144477
         332    0.800925    0.794158 0.000145481
         333    0.797156    0.794167 0.000145322
         334    0.794849    0.794169 0.000144902
         335    0.792815    0.794165 0.000144525
         336    0.795632     0.79417 0.000144161
         337    0.794312     0.79417 0.000143734
         338    0.795614    0.794174 0.000143372
         339    0.795893    0.794179 0.000143039
         340    0.797451    0.794189 0.000142942
         341    0.794624     0.79419 0.000142528
         342    0.794609    0.794191 0.000142117
         343    0.795125    0.794194 0.000141728
         344     0.79664    0.794201 0.000141494
         345    0.798065    0.794212 0.000141527
         346    0.797804    0.794223 0.000141498
         347    0.796305    0.794229 0.000141217
         348     0.78994    0.794217 0.000141348
         349     0.79453    0.794217 0.000140946
         350    0.791983    0.794211 0.000140688
         351    0.797638    0.794221 0.000140626
         352    0.792622    0.794216 0.000140299
         353    0.794615    0.794217 0.000139906
         354    0.793779    0.794216 0.000139517
         355    0.794706    0.794218 0.000139131
         356     0.79564    0.794222 0.000138797
         357    0.796038    0.794227 0.000138502
         358    0.795425     0.79423 0.000138155
         359     0.79141    0.794222 0.000137993
         360    0.793626     0.79422  0.00013762
         361    0.798732    0.794233 0.000137805
         362     0.79117    0.794225 0.000137684
         363    0.793026    0.794221 0.000137344
         364    0.792107    0.794215  0.00013709
         365    0.796839    0.794223 0.000136902
         366    0.792748    0.794219 0.000136587
         367    0.796923    0.794226 0.000136414
         368    0.794348    0.794226 0.000136044
         369    0.792408    0.794221 0.000135764
         370    0.794194    0.794221 0.000135397
         371    0.794366    0.794222 0.000135033
         372     0.79887    0.794234 0.000135247
         373    0.788428    0.794219 0.000135777
         374    0.797209    0.794227 0.000135649
         375    0.793463    0.794225 0.000135303
         376    0.792122    0.794219 0.000135059
         377    0.793588    0.794217 0.000134711
         378    0.794658    0.794218 0.000134359
         379    0.793197    0.794216 0.000134032
         380     0.79617    0.794221 0.000133778
         381    0.795402    0.794224 0.000133463
         382    0.797309    0.794232 0.000133358
         383    0.790353    0.794222 0.000133393
         384    0.794516    0.794223 0.000133048
         385    0.796566    0.794229 0.000132842
         386    0.794337    0.794229 0.000132498
         387    0.789869    0.794218 0.000132634
         388    0.794793    0.794219   0.0001323
         389    0.796794    0.794226 0.000132125
         390    0.795292    0.794229 0.000131815
         391    0.795252    0.794231 0.000131504
         392    0.796679    0.794237 0.000131316
         393    0.788508    0.794223 0.000131789
         394    0.795323    0.794226 0.000131484
         395    0.792948    0.794222 0.000131191
         396    0.793861    0.794222 0.000130863
         397    0.793889    0.794221 0.000130536
         398    0.793966     0.79422  0.00013021
         399    0.796009    0.794225  0.00012996
         400    0.794873    0.794226 0.000129646
         401    0.793614    0.794225 0.000129331
         402    0.795466    0.794228 0.000129047
         403    0.791866    0.794222 0.000128859
         404    0.792269    0.794217 0.000128631
         405    0.795245     0.79422 0.000128338
         406    0.793743    0.794218 0.000128028
         407    0.791862    0.794213 0.000127844
         408    0.797068     0.79422 0.000127722
         409    0.793474    0.794218 0.000127423
         410    0.793141    0.794215 0.000127139
         411    0.800076    0.794229 0.000127627
         412    0.793647    0.794228 0.000127325
         413    0.794496    0.794229 0.000127018
         414    0.791605    0.794222  0.00012687
         415    0.791609    0.794216  0.00012672
         416    0.793877    0.794215 0.000126418
         417    0.792043     0.79421 0.000126222
         418    0.794839    0.794212 0.000125929
         419    0.793403     0.79421 0.000125643
         420     0.79883    0.794221 0.000125825
         421    0.793698    0.794219 0.000125532
         422    0.791586    0.794213  0.00012539
         423    0.794784    0.794214   0.0001251
         424    0.795713    0.794218 0.000124855
         425     0.78939    0.794207 0.000125077
         426    0.796522    0.794212 0.000124902
         427    0.796571    0.794218 0.000124731
         428    0.793158    0.794215 0.000124464
         429    0.794813    0.794217 0.000124182
         430    0.788507    0.794203 0.000124601
         431    0.799931    0.794217 0.000125019
         432     0.79399    0.794216  0.00012473
         433    0.791328    0.794209  0.00012462
         434    0.794429     0.79421 0.000124334
         435    0.793315    0.794208 0.000124065
         436    0.796716    0.794214 0.000123914
         437    0.794095    0.794213 0.000123631
         438    0.789949    0.794204 0.000123731
         439    0.797559    0.794211 0.000123685
         440    0.796988    0.794217 0.000123565
         441    0.789161    0.794206 0.000123816
         442    0.791792    0.794201 0.000123656
         443    0.797756    0.794209 0.000123637
         444    0.792539    0.794205 0.000123416
         445    0.795286    0.794207 0.000123162
         446    0.797091    0.794214 0.000123056
         447    0.793229    0.794212   0.0001228
         448    0.790776    0.794204 0.000122765
         449    0.791714    0.794198 0.000122617
         450    0.793608    0.794197 0.000122352
         451     0.79279    0.794194  0.00012212
         452    0.790476    0.794186 0.000122127
         453    0.795216    0.794188 0.000121878
         454    0.793793    0.794187 0.000121613
         455    0.793474    0.794185 0.000121356
         456    0.796585    0.794191 0.000121204
         457    0.789382     0.79418 0.000121394
         458    0.792377    0.794176 0.000121193
         459    0.794697    0.794177 0.000120934
         460    0.795092    0.794179 0.000120688
         461    0.792081    0.794175 0.000120512
         462     0.79335    0.794173 0.000120264
         463    0.791324    0.794167 0.000120162
         464    0.791304    0.794161 0.000120061
         465    0.794383    0.794161 0.000119804
         466    0.797628    0.794169 0.000119778
         467     0.79814    0.794177 0.000119823
         468    0.793747    0.794176  0.00011957
         469    0.793417    0.794175 0.000119326
         470     0.79374    0.794174 0.000119076
         471    0.797213     0.79418 0.000118998
         472    0.796158    0.794184 0.000118819
         473    0.796445    0.794189 0.000118664
         474     0.78818    0.794176 0.000119089
         475    0.797129    0.794183    0.000119
         476    0.791164    0.794176 0.000118919
         477    0.797535    0.794183 0.000118878
         478    0.794141    0.794183  0.00011863
         479    0.793566    0.794182 0.000118389
         480    0.792672    0.794179 0.000118184
         481    0.792657    0.794176 0.000117981
         482    0.787087    0.794161 0.000118649
         483    0.793726     0.79416 0.000118407
         484    0.794184     0.79416 0.000118162
         485    0.788507    0.794148 0.000118492
         486    0.799661     0.79416  0.00011879
         487    0.789097    0.794149    0.000119
         488    0.792663    0.794146 0.000118795
         489    0.796568    0.794151 0.000118655
         490    0.793845    0.794151 0.000118415
         491    0.792344    0.794147 0.000118231
         492    0.797913    0.794155 0.000118238
         493    0.796003    0.794158 0.000118058
         494     0.79529    0.794161 0.000117841
         495    0.795616    0.794164 0.000117639
         496    0.795087    0.794165 0.000117417
         497    0.796075    0.794169 0.000117244
         498    0.792313    0.794166 0.000117067
         499    0.790798    0.794159 0.000117027
         500    0.796223    0.794163 0.000116866
