BEST ITALY LOSS FUNCTION
416.85
402.668
394.514
388.854
383.513
377.139
370.628
361.488
351.171
342.72
333.453
326.32
318.164
312.864
308.689
305.386
300.998
297.39
294.208
289.787
286.51
283.305
279.786
274.943
269.004
263.936
260.62
257.62
254.841
251.728
249.995
248.225
245.698
243.392
242.019
240.645
239.031
237.796
236.202
234.434
232.412
228.89
226.208
224.766
223.52
221.445
219.886
218.326
216.309
214.902
213.884
212.979
212.183
210.921
210.254
208.35
207.245
205.178
203.319
201.116
199.737
199.11
198.228
197.281
195.651
194.459
193.18
191.512
189.786
188.126
186.585
185.808
185.087
184.241
182.965
181.549
179.615
178.395
177.48
176.943
176.408
175.84
175.221
174.817
174.447
173.805
173.379
172.692
172.079
171.644
171.168
170.55
170.114
169.571
168.944
168.583
168.161
167.667
167.245
166.728
165.815
165.626
165.274
164.828
164.017
163.874
163.049
162.488
161.759
160.983
160.449
159.748
159.334
158.783
158.305
157.504
156.838
156.041
155.163
154.508
153.381
151.828
150.462
148.922
147.853
146.67
145.609
144.643
143.398
142.447
141.67
141.159
140.596
140.406
139.921
139.542
139.338
138.776
138.219
137.672
136.957
136.212
135.57
135.12
134.316
133.301
132.327
131.652
131.366
130.975
130.72
130.538
130.326
130.268
130.026
129.688
129.437
129.301
128.849
128.78
128.578
128.217
128.108
127.974
127.867
127.52
127.315
127.134
126.919
126.698
126.496
126.387
126.193
126.023
125.863
125.664
125.589
125.352
125.369
124.956
124.734
124.525
124.142
123.82
123.57
123.525
123.38
123.178
123.025
122.903
122.787
122.651
122.506
122.387
122.369
122.112
121.967
121.883
121.856
121.737
121.62
121.534
121.199
121.017
120.628
120.518
120.359
119.898
119.368
118.913
118.524
118.063
117.526
116.806
115.557
114.996
114.233
113.741
113.52
113.356
113.099
112.855
112.616
112.541
112.513
112.487
112.406
112.047
111.918
111.797
111.678
111.453
111.169
111.075
110.869
110.687
110.604
110.49
110.442
110.425
110.355
110.28
110.308
110.268
110.245
110.114
110.091
110.002
109.871
109.788
109.77
109.517
109.218
108.911
108.649
108.297
107.975
107.124
106.451
105.879
105.584
105.501
105.445
105.343
105.296
105.232
105.085
105.036
104.871
104.768
104.727
104.692
104.715
104.651
104.614
104.567
104.53
104.458
104.39
104.283
104.244
104.206
104.115
104.075
104.029
104.028
103.983
103.964
103.891
103.8
103.794
103.7
103.619
103.53
103.493
103.464
103.412
103.249
103.1
102.996
102.953
102.872
102.782
102.816
102.684
102.623
102.456
102.382
102.282
102.185
102.101
101.964
101.859
101.694
101.596
101.464
101.259
101.105
100.976
100.855
100.743
100.725
100.619
100.434
100.231
99.9282
99.7895
99.5958
99.5872
99.5106
99.3622
99.0433
98.8743
98.8213
98.7244
98.63
98.5013
98.4049
98.2651
98.1758
98.0645
97.9361
97.8924
97.8272
97.5527
97.5468
97.4507
97.3321
97.3421
97.187
97.0698
96.9894
96.9273
96.8773
96.7431
96.6224
96.4698
96.1537
96.0809
95.9997
95.9736
95.9155
95.8703
95.8682
95.8186
95.7965
95.7697
95.7521
95.7272
95.6773
95.6238
95.5462
95.4815
95.4723
95.472
95.5046
95.4846
95.4503
95.413
95.3724
95.376
95.3688
95.3432
95.3448
95.3327
95.2911
95.2726
95.2824
95.2172
95.2553
95.2172
95.2069
95.213
95.2437
95.2043
95.1011
95.0147
94.994
95.0428
95.0116
94.9836
94.9134
94.7938
94.7327
94.6338
94.5689
94.5668
94.5961
94.5401
94.477
94.4851
94.4264
94.4323
94.4195
94.4074
94.4079
94.3682
94.3507
94.3239
94.3111
94.2914
94.28
94.2373
94.2159
94.2047
94.1845
94.1625
94.1404
94.0988
94.0341
94.0063
94.0071
93.9754
93.953
93.8816
93.8667
93.8767
93.8725
93.8427
93.7942
93.7879
93.7881
93.8041
93.7787
93.7291
93.6954
93.6608
93.6721
93.6476
93.6452
93.6397
93.6169
93.6011
93.548
93.5357
93.496
93.4915
93.4898
93.4791
93.4228
93.4399
93.4072
93.4032
93.3788
93.4054
93.3915
93.3264
93.3036
93.3272
93.3095
93.2596
93.235
93.1456
93.1141
93.1517
93.1498
93.1906
93.1011
93.0368
93.0306
93.0025
92.9665
93.005
92.9721
92.9053
92.9062
92.8952
92.8414
92.8231
92.7635
92.7486
92.65
92.6043
92.5522
92.4798
92.3622
92.4071
92.3507
92.3389
92.3433
92.3193
92.3503
92.2758
92.0843
92.1101
91.9535
91.8115
91.5952
91.4839
91.3653
91.2561
91.2151
91.1262
91.0727
90.9334
90.8656
90.781
90.5686
90.5093
90.4164
90.2405
90.2122
89.9066
89.5138
89.4263
89.1911
89.0753
88.9701
88.866
88.7095
88.6358
88.5743
88.4486
88.336
88.293
88.2442
88.1844
88.0789
87.939
87.9036
87.7759
87.7028
87.5926
87.5956
87.5857
87.576
87.5678
87.5461
87.5208
87.4698
87.4558
87.4175
87.4076
87.3511
87.3492
87.3499
87.3037
87.3111
87.3177
87.2731
87.2368
87.2326
87.1706
87.1601
87.145
87.0693
87.0372
87.0059
86.9796
86.9579
86.9241
86.863
86.8534
86.839
86.8118
86.7224
86.7288
86.6084
86.5571
86.5237
86.5085
86.4309
86.3987
86.3401
86.3157
86.3173
86.3034
86.306
86.2189
86.1972
86.2197
86.1477
86.0962
86.0223
85.9768
85.9699
85.9558
85.8506
85.8061
85.7362
85.6016
85.4974
85.4914
85.4802
85.4245
85.3851
85.3621
85.3446
85.3361
85.2997
85.2993
85.2099
85.1642
85.1473
85.1506
85.092
85.0902
85.0467
84.9755
84.971
84.9458
84.9061
84.8864
84.8541
84.8625
84.8658
84.859
84.7801
84.7438
84.7465
84.7417
84.6928
84.5937
84.5238
84.4801
84.4168
84.4102
84.3242
84.2977
84.2246
84.1912
84.2251
84.2006
84.1642
84.1768
84.1073
84.1199
84.1086
84.0817
84.0329
84.0108
83.9278
83.9315
83.9003
83.9438
83.8766
83.8224
83.7896
83.7787
83.7679
83.7581
83.7493
83.732
83.7318
83.7305
83.7113
83.684
83.7041
83.6857
83.66
83.6294
83.5815
83.5322
83.53
83.4735
83.4673
83.4758
83.478
83.4665
83.4515
83.3956
83.4177
83.4048
83.3553
83.248
83.1713
83.1383
83.0354
82.7563
82.4566
82.4291
82.3543
82.3139
82.2733
82.2199
82.1986
82.1737
82.1448
82.0961
82.0153
82.0006
81.9329
81.8952
81.9056
81.9159
81.9125
81.909
81.8987
81.8987
81.8907
81.8837
81.8907
81.8907
81.8907
81.8907
81.8855
81.8775
81.8814
81.8763
81.8711
81.8826
81.8855
81.8855
81.8907
81.8907
81.8907
81.8855
81.8907
81.8907
81.8907
81.8907
81.8907
81.8907
81.8907
81.8907
81.8907
81.8907
81.8907
81.8907
81.8907
81.8907
81.8907
81.8854
81.8694
81.8481
81.8162
81.7996
81.828
81.8138
81.8461
81.8584
81.8489
81.8318
81.8258
81.8098
81.7795
81.7673
81.7343
81.6804
81.6781
81.6596
81.6446
81.6324
81.6274
81.6048
81.6048
81.617
81.6381
81.627
81.6057
81.5898
81.5777
81.5834
81.5769
81.5499
81.5702
81.5758
81.591
81.5852
81.5734
81.5602
81.5255
81.541
81.5271
81.4887
81.4889
81.4867
81.4759
81.4555
81.4537
81.4509
81.4313
81.4483
81.3976
81.4109
81.4104
81.3572
81.2877
81.2738
81.1862
81.1433
81.0872
80.9946
80.9032
80.6635
80.3996
80.282
80.1672
80.1672
80.1672
80.1672
80.1672
80.1672
80.1672
80.1672
80.1672
80.1672
80.1672
80.1672
80.1672
80.1672
80.1672
80.1672
80.1672
80.1672
80.1672
80.1672
80.1672
80.1672
80.1672
80.142
80.1672
80.1672
80.1672
80.1672
80.1672
80.1672
80.1672
80.1672
80.1672
80.1672
80.1672
80.1672
80.1672
80.1588
80.1503
80.1419
80.1605
80.152
80.1132
80.0874
80.0931
80.125
80.0828
80.0913
80.1419
80.1419
80.1503
80.1503
80.1566
80.1566
80.1313
80.1417
80.1608
80.1565
80.1543
80.1293
80.1086
80.1358
80.1608
80.1643
80.1613
80.1491
80.1554
80.1536
80.1495
80.1494
80.1344
80.1148
80.1179
80.1252
80.1399
80.149
80.1371
80.1088
80.1208
80.1524
80.152
80.1576
80.1643
80.1643
80.1642
80.1672
80.1672
80.1587
80.1672
80.1672
80.1657
80.1672
80.1672
