BEST ITALY LOSS FUNCTION
403.956
386.184
375.569
374.6
367.056
355.855
353.537
350.954
350.345
346.661
335.413
326.653
324.772
319.196
312.963
309.823
304.172
292.144
292.144
284.086
280.77
278.257
274.083
269.678
268.312
265.447
257.894
257.065
251.152
249.51
246.661
245.327
238.983
238.983
234.333
232.711
232.711
232.483
231.63
230.573
230.162
227.115
226.494
225.131
225.69
224.869
223.593
222.231
220.517
212.576
212.576
212.576
210.196
210.196
209.575
208.139
207.751
206.633
206.633
205.419
205.419
205.419
204.108
201.366
201.366
201.094
195.287
195.287
193.923
193.923
193.923
193.923
193.923
193.013
191.225
188.397
188.397
186.817
186.817
186.817
183.65
185.24
183.65
183.562
182.59
179.603
179.362
178.016
176.865
176.135
176.808
175.991
175.671
175.597
174.459
172.864
172.864
172.457
171.824
170.497
170.497
169.22
168.333
169.885
167.324
167.848
166.502
165.96
165.06
165.06
162.237
161.825
161.089
158.853
158.853
159.008
159.008
154.944
154.944
154.944
154.944
154.688
154.944
154.522
152.552
152.291
151.844
151.844
151.426
150.944
150.944
150.31
149.352
144.178
143.946
143.081
142.338
141.83
141.191
140.138
139.744
139.744
138.679
139.291
139.038
138.136
138.136
138.604
138.584
137.842
136.628
136.628
136.797
136.749
134.795
134.795
134.795
134.795
134.769
134.795
134.343
134.343
134.338
134.338
134.183
134.183
134.183
133.33
133.639
133.639
132.385
133.018
132.962
132.844
131.864
131.864
131.28
131.111
131.28
131.407
128.515
131.335
131.111
130.993
130.899
130.861
130.33
130.33
127.029
130.498
130.66
129.17
129.118
129.118
129.118
129.118
128.209
128.209
128.658
128.658
128.388
127.479
127.479
127.479
127.479
127.479
127.122
127.07
127.056
126.623
124.916
124.767
124.767
124.767
123.799
122.828
122.164
122.164
122.164
122.164
122.164
121.207
121.207
120.287
120.287
120.287
120.287
120.287
120.287
120.287
119.623
119.461
118.797
118.797
118.797
118.797
118.468
118.022
117.376
117.376
117.376
117.376
116.906
116.318
116.882
116.882
115.703
116.41
116.206
115.669
115.669
114.699
113.925
113.925
113.925
113.925
114.644
113.86
113.546
113.556
113.556
113.027
112.44
112.201
111.996
111.996
110.128
110.05
109.783
109.783
108.832
108.832
108.347
107.769
107.487
107.287
106.908
107.111
106.371
106.572
106.478
106.478
106.478
105.405
105.405
105.405
105.405
105.405
105.027
105.403
105.175
104.975
105.256
103.822
103.822
103.822
104.014
104.014
104.014
103.216
103.216
103.216
103.516
103.516
102.937
102.49
100.845
100.845
100.845
100.845
100.845
100.064
100.064
100.064
99.4239
99.2227
98.8652
98.8652
98.8652
98.7748
98.9201
98.9201
98.5397
98.5397
98.1609
97.742
97.742
97.9243
97.8166
97.8166
97.8157
97.4967
97.4967
97.4967
97.7665
97.5282
97.0138
97.0138
97.2947
96.8671
96.8671
96.1704
96.1704
96.1704
96.1704
95.9902
94.677
95.5441
94.9807
94.9807
94.2734
94.2716
93.6439
93.9724
93.352
93.0235
93.0235
93.2886
93.0235
93.0235
92.3583
92.3583
92.0988
92.0988
91.8041
91.0756
91.1494
90.9051
90.2674
90.2674
89.4829
89.2218
90.3123
90.0239
89.2032
89.6393
89.0875
89.0875
88.7158
88.7158
88.8967
88.3798
87.2836
87.4429
87.0379
87.0379
87.0379
86.9542
86.9054
86.7171
86.7171
86.7171
86.6651
86.6651
86.1335
86.1335
86.1335
86.1335
86.1335
86.1335
86.0315
85.8268
85.8268
85.8268
85.8268
85.8127
85.8127
85.3112
85.3112
85.3112
85.3112
85.3112
84.5508
84.5508
85.0045
84.964
85.0045
84.2376
84.2376
84.23
84.1311
84.0493
83.7284
84.0351
84.0351
83.7284
83.7284
83.7284
83.7284
83.6264
83.0223
83.0223
83.0796
82.7978
82.6464
82.6093
82.3756
82.3756
82.527
82.3182
82.2335
82.2909
82.2335
82.2335
82.2335
82.4405
82.487
82.487
82.487
82.4297
81.9295
82.4448
82.107
82.2335
82.2162
81.9287
82.1643
82.107
82.107
82.107
82.107
82.1379
82.0307
82.0307
82.0307
82.1422
82.1422
82.1422
82.0448
82.0448
82.0517
81.9442
82.1212
81.953
81.953
81.953
81.7936
82.1324
82.1324
82.1324
81.9999
82.1324
82.1367
81.8936
81.8267
81.8267
81.8267
81.8267
81.8267
81.8267
81.8267
81.8267
81.726
81.2213
81.3861
81.3861
81.312
81.1589
81.0569
81.0569
80.8714
80.8714
80.8714
80.8671
80.712
80.5697
80.4104
80.4104
80.4104
80.4104
80.7065
80.7065
80.5697
80.5697
80.5697
80.5697
80.5697
80.5697
80.5697
80.4104
80.4104
80.4104
80.4104
80.5655
80.4104
80.4061
80.4061
80.4061
80.4061
80.4104
80.4049
80.4104
80.4104
80.4104
80.4061
80.4104
80.0237
80.2942
80.4061
80.4061
78.388
78.388
78.2286
78.2286
78.2286
78.2286
78.2286
78.2286
78.388
78.388
78.388
78.388
78.388
78.388
78.9815
78.2286
78.6919
78.6854
78.6854
78.2231
78.2231
78.2231
78.2231
78.2231
78.2231
78.2231
78.2231
78.2231
77.9287
78.1856
77.9061
78.2231
77.9718
78.0291
78.2231
78.0693
77.311
78.0291
77.9718
77.9718
77.3628
77.3055
77.311
77.3055
77.3055
77.3055
77.3055
77.2902
77.2902
77.2847
77.2902
77.2902
77.2847
77.2847
77.2847
77.2847
77.2847
77.2847
77.2847
77.2847
77.2847
77.2847
77.2847
77.2847
77.2847
77.2847
77.2847
77.2847
77.28
77.2847
77.155
77.1348
77.114
77.114
77.114
77.1348
77.1348
76.902
77.2458
77.2458
77.2513
77.2458
77.2458
77.2513
77.2513
77.0541
77.0486
77.1879
77.1879
77.2385
77.1838
77.1838
76.9578
76.9523
76.9578
77.0607
77.1762
77.1762
77.1762
77.1762
77.1762
77.1762
77.1762
77.1762
77.1762
77.1762
77.1762
77.1762
77.1762
77.1762
77.1762
77.1762
77.1762
77.0535
77.1762
77.1762
77.1762
77.1678
77.1678
77.1678
76.6781
76.6781
76.6781
76.6781
76.6726
76.6726
76.6726
76.3888
76.3943
76.6726
76.6726
76.6726
76.6726
76.5488
76.1749
76.1749
76.5488
76.5433
76.5488
76.5488
76.5433
76.5488
76.5488
76.5488
76.5488
76.5488
76.3045
76.5488
76.2987
76.5433
76.5433
76.5433
76.5433
76.5433
76.5433
76.5433
76.5488
76.5488
76.5433
76.5433
76.5433
76.5433
76.2293
76.2293
76.2293
76.5433
76.5433
76.5433
76.5433
76.5433
76.5433
76.5433
76.5433
76.5433
76.5433
76.5433
76.5433
76.5433
76.5433
76.5433
75.6883
75.6883
75.5235
75.5235
75.529
75.5235
75.5235
75.5235
75.5235
75.529
75.529
75.5235
75.529
75.5235
75.5235
75.5235
75.5235
75.5235
75.5235
75.5235
75.5235
75.5235
75.5235
75.5235
75.5235
75.5235
75.5235
75.5235
75.5235
75.5235
75.5235
75.5235
75.5235
75.5235
75.5235
75.5235
75.5235
75.5235
75.3559
75.3559
75.5235
75.5235
75.5235
75.5235
75.0712
75.0712
75.3004
75.3004
75.0712
75.0712
75.0712
75.0712
75.0657
75.0712
75.0712
75.1675
75.0712
75.1675
75.1675
75.0712
75.0712
75.0712
75.0712
75.0657
75.0712
75.0712
75.0657
75.0657
75.0657
75.0657
75.0657
75.0657
75.0657
75.0657
75.0657
75.0071
75.0345
75.0345
75.0126
75.0126
75.0071
75.0071
75.0071
75.0126
74.7378
75.0126
75.0345
74.8381
74.8326
74.8178
74.8381
74.7215
74.7215
74.7215
74.7215
74.7161
74.4369
74.7215
74.4369
74.4369
74.4369
74.4369
74.4369
74.4939
73.8591
73.7629
74.4369
74.4369
74.4369
74.4369
74.4369
74.4369
74.4369
74.3976
74.3976
74.3976
74.4369
74.4369
74.4314
74.4314
74.4314
74.4314
74.4314
74.4369
74.4369
74.4314
74.4369
74.3976
74.3976
74.3976
74.4314
73.9041
74.2927
73.8986
73.9041
73.6584
73.6584
73.9041
73.6584
73.6584
73.6584
73.8986
73.8986
73.6584
73.8312
73.6529
73.6584
73.6584
73.6584
73.6584
73.1743
73.6584
73.6082
73.6082
73.6584
73.6529
73.6403
73.6403
73.6403
73.6584
73.6529
73.6529
73.6529
73.6403
73.6529
73.5344
73.5344
73.6529
73.6529
73.6403
73.6529
73.6403
73.5291
73.6403
73.6403
73.6403
73.6403
73.6403
73.5163
73.5504
