BEST ITALY LOSS FUNCTION
402.892
391.411
391.411
386.849
381.552
377.246
369.442
358.847
355.691
348.176
341.987
334.331
331.114
327.997
322.911
319.377
314.626
306.417
300.231
297.447
293.394
284.769
284.769
281.043
275.967
275.646
269.12
269.12
267.329
262.17
264.312
261.635
258.911
256.806
255.336
255.336
254.562
252.69
252.68
251.888
250.218
250.273
247.477
247.477
245.789
239.304
238.948
236.612
236.612
237.288
235.222
232.298
232.298
231.669
231.184
230.432
228.705
228.004
227.647
226.573
224.427
222.206
221.271
217.025
214.349
210.626
210.236
208.023
205.407
205.407
204.612
200.88
199.629
199.629
198.351
196.979
194.696
194.696
193.906
192.67
192.67
191.767
191.51
190.249
188.601
189.233
184.91
185.219
185.219
185.219
169.594
169.241
169.241
168.191
167.413
167.413
167.099
167.068
165.937
166.468
166.468
165.491
165.026
165.026
163.236
163.236
162.384
162.384
163.236
160.504
161.099
161.099
160.879
156.131
156.131
153.678
151.609
150.361
149.09
149.09
146.623
146.964
146.803
146.803
145.524
145.524
145.524
145.161
143.928
143.305
143.644
142.994
141.888
140.353
140.182
139.765
139.68
139.136
139.68
139.132
139.132
138.533
138.483
137.892
137.892
137.892
137.892
137.235
137.043
137.043
137.043
136.799
136.492
136.492
136.542
136.037
136.037
135.578
135.578
135.146
134.902
134.902
134.902
134.536
133.318
132.668
132.668
132.668
132.431
130.406
130.406
130.978
130.342
130.342
130.202
129.96
130.12
129.716
129.352
129.334
122.131
122.131
122.131
120.267
120.267
122.004
122.004
122.004
119.852
120.267
119.026
118.61
118.222
117.396
117.396
116.935
116.744
115.612
115.612
115.612
115.612
115.612
115.304
114.331
115.166
114.49
114.49
113.961
113.566
113.566
113.566
113.566
113.162
113.346
113.162
112.83
112.395
112.41
112.422
112.422
112.422
112.396
112.138
111.937
111.717
111.664
111.664
111.643
111.5
111.431
111.431
110.708
110.708
110.681
110.708
110.466
110.474
110.563
109.949
109.859
109.71
108.959
109.111
109.196
108.959
108.322
108.322
108.322
108.166
107.797
107.325
107.172
107.167
107.167
106.915
106.915
106.898
106.773
105.991
106.41
106.41
106.413
106.418
106.401
106.401
106.516
106
106.264
106.264
106.398
105.858
105.844
106.245
105.611
105.611
105.611
106.133
105.913
105.913
105.896
105.913
105.853
105.853
105.853
105.853
105.902
105.711
105.694
105.482
105.407
105.39
105.482
105.482
105.203
105.203
105.203
105.057
104.706
103.896
104.616
104.588
104.588
104.339
104.706
104.13
104.13
104.125
103.879
103.879
102.789
103.828
103.247
102.834
102.834
101.499
102.15
101.845
101.339
101.845
101.996
101.583
101.663
101.663
101.658
101.167
101.486
101.15
101.15
101.15
101.062
100.621
101.062
100.872
100.858
100.858
100.75
100.749
100.749
100.749
100.86
100.806
100.749
100.749
100.715
100.715
100.591
100.488
99.6206
99.6206
99.6109
100.129
99.6206
99.6206
99.247
99.247
99.247
99.247
99.247
98.6313
98.6313
90.78
90.78
90.78
90.78
89.7977
89.7977
89.7977
89.4341
89.4341
89.4341
89.4341
89.4341
89.4341
89.4341
89.4341
88.482
89.4341
89.0189
89.0189
89.0189
89.0189
89.0189
88.7247
88.7247
88.7247
88.7247
88.6599
88.7959
88.9059
88.9059
88.4302
88.4302
88.4302
88.7959
88.0271
88.0172
88.0172
88.0172
88.2502
88.2502
87.5173
88.2013
87.5173
87.5173
87.394
87.5173
87.5173
87.5173
87.5173
87.5173
87.5173
87.5173
87.394
87.2336
87.2336
87.2336
87.2336
86.9619
87.0368
86.9619
86.9619
87.0368
87.0368
87.0368
86.7315
86.8705
86.8705
86.8101
86.8101
86.8705
86.5204
86.6464
86.5218
86.5868
86.5868
86.4866
86.378
86.2117
86.2117
86.2892
86.1659
86.1659
86.1659
86.1378
85.5304
85.5304
85.5718
85.5718
85.5304
85.5304
85.739
85.739
85.739
85.739
85.3638
85.5726
85.3638
85.3638
85.3638
85.1975
85.3171
85.2366
85.1804
84.7828
84.7828
84.7828
84.7828
84.7828
84.6787
84.4524
84.4077
84.4077
84.4077
84.4247
84.0943
84.4077
84.2413
84.0773
84.0756
84.0773
84.1917
84.2332
84.0773
84.0173
84.0173
84.0542
83.5351
83.4535
83.5351
83.2136
83.2136
83.4883
83.2872
82.3303
83.0337
82.0381
82.0381
81.7219
81.7219
81.7219
81.9556
81.7219
81.0203
80.6657
80.6657
80.6657
80.6657
80.4913
80.4913
80.6558
80.6558
79.7897
79.7897
79.9542
79.9542
79.7897
79.7897
79.7897
79.7897
79.7897
79.7897
79.7524
79.2917
79.2917
79.1277
79.2913
79.2917
79.2917
79.1277
79.2917
78.9259
78.9259
78.9259
79.0899
78.9259
78.9259
79.1268
78.9259
78.984
78.9391
78.984
78.9259
78.9259
78.9259
78.9259
78.925
78.925
78.925
78.8685
78.8685
78.9079
78.925
78.925
78.6419
78.6419
78.5925
78.5878
78.587
78.587
78.587
78.5878
78.5878
78.587
78.587
78.4338
78.4122
78.587
78.587
78.2477
78.4436
78.4436
78.4436
78.4436
78.4436
78.4436
78.4436
78.4436
78.4436
78.3748
78.173
78.173
78.3748
78.173
77.6907
77.6907
78.173
78.173
78.4428
78.4428
78.4428
78.4428
78.3863
78.4428
78.4428
78.4428
77.9626
78.4428
78.3864
78.3864
78.3864
78.3856
78.3856
78.3645
78.3645
78.3645
78.3576
78.1335
78.1335
78.0844
77.9403
78.1733
78.1733
78.1733
78.1733
78.116
78.116
78.1733
78.1733
78.1733
78.1733
78.1733
78.1733
78.1733
77.9403
77.9403
77.9403
77.9403
77.9403
77.8877
77.9403
77.8877
77.8877
77.8877
77.9403
77.9403
78.108
78.116
78.116
78.116
78.1152
78.1153
78.116
77.7971
77.7971
78.1161
78.1071
78.1071
77.8143
77.8096
77.8096
77.8088
77.8088
77.8368
77.8368
78.0588
78.0588
78.0588
78.0707
78.058
78.0707
77.9602
77.6907
77.6954
77.5063
77.6954
77.4251
77.4205
77.4205
77.4205
77.4205
77.4205
77.4205
77.4205
77.3678
77.3542
77.3542
77.2969
77.2969
77.3534
77.3542
77.3542
77.0839
77.0839
77.0839
77.0839
77.0839
77.0839
77.0839
76.9171
76.9573
76.9217
76.9564
76.9171
76.9171
76.5806
76.5806
76.5806
76.5852
76.5982
76.5852
76.5982
76.8685
76.8685
76.4586
76.4586
76.4539
76.5852
76.5852
76.5797
76.871
76.5806
76.5852
76.5797
76.5806
76.4539
76.4459
76.4505
76.5806
76.5852
76.5806
76.7689
76.6422
76.7107
76.7107
76.5401
76.538
76.538
76.7689
76.7689
76.7681
76.6422
76.6414
76.6414
76.6342
76.6422
76.4531
76.6422
76.5841
76.5895
76.2117
76.2117
76.5895
76.5841
76.5841
76.5849
76.576
76.4716
76.4494
76.576
76.4494
76.4494
76.4494
76.4494
76.4494
76.4494
76.5075
76.5067
76.1535
76.1535
76.2109
76.2109
75.8966
75.8966
76.2109
75.8958
75.8385
75.7118
75.7691
75.7691
75.7126
75.77
75.77
75.77
75.77
75.7691
75.7691
75.7118
75.7118
75.7691
75.7691
75.7691
75.77
75.8966
75.8966
75.8966
75.77
76.1904
76.1896
76.2957
76.1896
76.1896
76.2957
76.2957
76.2957
76.2679
76.2957
76.2957
76.2957
76.2957
76.2957
76.2397
76.2957
76.2957
76.2957
76.2957
76.2957
76.2957
75.2776
76.2957
76.2957
75.7301
76.2957
75.801
75.801
75.801
76.2957
76.2957
76.2957
76.2957
76.2957
76.2957
76.2957
76.2957
76.2957
76.2957
76.2671
76.2957
76.2957
76.2957
74.9601
74.9027
74.9027
74.9027
74.9027
74.9027
74.9027
74.9027
74.9027
74.9027
74.9027
74.9027
74.9027
74.9027
74.9027
74.9027
74.9027
74.9027
74.5695
74.5695
74.9027
74.9027
74.6131
74.6131
74.6131
74.6131
74.6131
74.8455
74.9027
74.3968
74.4549
74.3968
74.3968
74.3968
74.3968
74.3968
74.3968
74.3968
74.3968
74.1959
74.1959
74.1959
74.3968
74.4679
74.526
74.3968
74.3968
74.3968
74.2572
74.3968
74.3968
74.3968
74.3968
74.3968
74.3968
74.3968
74.3968
74.3968
74.3968
73.8846
74.3968
74.3968
74.3968
74.3968
74.3968
74.3681
74.3681
74.1226
74.3681
74.3108
74.3108
