BEST ITALY LOSS FUNCTION
415.772
403.684
400.535
397.188
392.612
387.982
382.007
375.146
366.567
359.904
354.04
348.92
340.573
336.563
332.119
327.899
321.381
317.681
313.074
307.64
302.706
297.663
293.437
289.013
284.002
281.138
277.614
274.775
272.614
270.318
268.955
267.578
265.88
263.858
262.74
260.667
259.303
257.883
256.587
255.809
254.631
254.03
252.868
251.5
250.139
248.516
246.264
243.826
242.086
240.819
239.482
238.069
236.885
235.962
234.879
233.429
233.282
231.965
230.678
229.295
228.498
227.149
225.744
222.439
219.431
217.479
214.009
211.275
210.211
209.35
207.907
206.578
204.872
203.519
201.127
199.315
198.442
197.367
196.422
195.839
195.055
194.466
193.799
192.966
192.077
191.714
191.114
190.452
189.625
188.564
186.987
185.446
183.279
181.681
180.765
179.669
178.721
177.953
177.041
176.796
176.109
175.719
175.092
174.559
174.12
173.675
172.662
172.004
171.156
170.027
169.157
167.798
166.202
164.821
163.251
162.903
162.645
162.262
161.734
161.109
160.855
160.658
160.532
160.235
159.783
159.412
159.12
158.845
158.619
158.533
158.277
158.144
157.713
157.241
157.008
156.633
156.263
155.807
155.424
155.159
154.736
154.336
153.991
153.815
153.222
153.013
152.539
152.218
151.925
151.303
150.547
150.218
149.527
148.736
148.205
147.347
146.784
146.407
145.93
145.64
145.326
144.846
144.234
143.688
143.346
142.922
142.426
141.895
141.133
140.653
140.11
139.802
139.269
139.034
138.378
137.867
137.505
136.84
136.028
135.53
134.818
133.996
133.245
132.303
130.935
129.975
129.649
129.468
129.094
128.477
128.125
127.993
127.918
127.794
127.749
127.71
127.661
127.542
127.467
127.23
127.001
126.941
126.867
126.72
126.608
126.564
126.441
126.409
126.32
126.115
125.964
125.835
125.673
125.584
125.501
125.384
125.342
125.207
125.128
124.915
124.942
124.695
124.468
124.459
124.424
124.327
124.316
124.341
124.35
124.4
124.416
124.402
124.355
124.336
124.272
124.242
124.191
124.221
124.168
124.068
123.911
123.919
123.872
123.753
123.731
123.695
123.717
123.705
123.708
123.682
123.662
123.597
123.493
123.282
123.072
123.006
122.997
122.914
122.677
122.602
122.408
122.124
121.696
121.476
121.096
120.694
119.26
115.989
114.051
113.52
113.524
113.484
113.463
113.392
113.391
113.375
113.337
113.302
113.213
113.182
113.207
113.248
113.198
113.179
113.191
113.274
113.197
113.187
113.161
113.06
112.994
113.037
113.158
113.069
112.971
113.009
112.836
112.855
112.699
112.584
112.533
112.396
112.354
112.364
112.384
112.142
112.078
112.038
111.95
111.894
111.897
111.831
111.773
111.676
111.457
111.355
111.143
111.126
111.005
110.779
110.622
110.439
110.316
110.208
110.102
110.125
110.039
109.97
109.954
109.927
109.903
109.839
109.748
109.694
109.733
109.694
109.737
109.696
109.678
109.641
109.592
109.609
109.581
109.524
109.505
109.438
109.465
109.518
109.425
109.418
109.362
109.386
109.3
109.322
109.242
109.2
109.2
109.221
109.178
109.168
109.112
109
108.887
108.756
108.683
108.613
108.553
108.499
108.442
108.356
108.256
108.247
108.221
108.14
108.118
108.031
107.985
107.924
107.81
107.73
107.697
107.585
107.551
107.359
107.301
107.2
107.165
107.011
106.912
106.853
106.765
106.707
106.72
106.539
106.458
106.458
106.495
106.491
106.454
106.417
106.43
106.409
106.346
106.339
106.332
106.293
106.27
106.296
106.255
106.218
106.173
106.13
106.073
106.003
105.95
105.973
106.002
105.992
105.976
105.933
105.929
105.888
105.825
105.741
105.803
105.813
105.762
105.741
105.679
105.591
105.501
105.535
105.513
105.335
105.389
105.304
105.196
105.254
105.197
105.164
105.147
105.121
105.115
105.059
105.072
105.05
104.94
104.795
104.763
104.647
104.592
104.452
104.325
104.235
104.131
104.042
103.945
103.804
103.732
103.543
103.511
103.399
103.344
103.279
103.22
103.089
103.09
102.987
102.918
102.925
102.981
102.929
102.908
102.753
102.648
102.613
102.594
102.445
102.399
102.182
102.077
101.912
101.675
101.482
101.268
101.232
101.008
100.9
100.914
100.897
100.853
100.819
100.799
100.8
100.783
100.755
100.647
100.56
100.505
100.426
100.331
100.213
100.108
100.099
100.033
100.022
100.024
99.982
99.9726
99.952
99.9419
99.8679
99.7505
99.6079
99.5274
99.4824
99.4692
99.4444
99.4535
99.4119
99.3767
99.3228
99.3186
99.2477
99.2748
99.0892
99.1119
99.1236
98.8314
99.0098
98.7593
98.3335
97.6362
97.2421
97.0938
96.9094
96.8769
96.8907
96.8378
96.8754
96.7838
96.8249
96.7493
96.7658
96.8243
96.758
96.7606
96.7359
96.7657
96.73
96.649
96.6155
96.5583
96.4479
96.4037
96.3909
96.4813
96.4405
96.3421
96.3268
96.1267
96.2178
96.3297
96.2554
96.22
96.286
96.1863
96.2673
96.3261
96.3122
96.2555
96.251
96.2882
96.2801
96.2282
96.114
96.0128
95.964
95.8916
95.8129
95.8462
95.7502
95.7734
95.6617
95.634
95.5291
95.494
95.4249
95.3464
95.2527
95.2517
95.2254
95.1943
95.1962
95.1933
95.2552
95.224
95.2195
95.2154
95.1484
95.1633
95.172
95.1486
95.1207
95.0694
95.0549
95.0235
94.9322
94.9045
94.8829
94.8528
94.8058
94.7853
94.7274
94.7043
94.7351
94.6675
94.6145
94.6
94.5693
94.5614
94.5277
94.4982
94.4292
94.4223
94.4327
94.4448
94.4176
94.3717
94.3723
94.3856
94.3903
94.3738
94.2767
94.2739
94.1893
94.282
94.2404
94.1568
94.1171
94.0482
93.9669
94.0729
93.9861
93.9506
93.9737
93.8962
93.8787
93.8409
93.8122
93.6839
93.6498
93.5393
93.4822
93.4284
93.3317
93.2135
93.1107
93.0585
93.0452
92.9607
92.9157
92.879
92.7507
92.6687
92.6634
92.6571
92.6381
92.62
92.5876
92.4759
92.426
92.3412
92.1707
92.1306
92.1181
92.09
92.0753
92.0882
92.0675
92.0631
92.0368
92.0173
91.989
91.9869
91.9748
91.9815
91.9942
91.9446
91.9318
91.9364
91.9154
91.9116
91.9031
91.8923
91.8879
91.8834
91.8692
91.875
91.8714
91.8688
91.8605
91.8792
91.8779
91.863
91.8413
91.8072
91.8273
91.8342
91.8184
91.798
91.8226
91.8361
91.8418
91.8555
91.8426
91.8427
91.8389
91.8256
91.8256
91.8014
91.8088
91.7975
91.8023
91.806
91.7988
91.7834
91.7823
91.7733
91.7847
91.763
91.769
91.787
91.7963
91.7887
91.7848
91.7885
91.7738
91.7823
91.7909
91.7915
91.7861
91.7976
91.797
91.7932
91.7942
91.785
91.7833
91.7726
91.7763
91.7552
91.7849
91.7925
91.7935
91.7684
91.7685
91.7619
91.7719
91.7811
91.7276
91.7396
91.7007
91.6218
91.5981
91.6853
91.6683
91.7149
91.7601
91.7821
91.7877
91.7883
91.7895
91.789
91.7821
91.7857
91.7829
91.7793
91.7873
91.781
91.7714
91.7544
91.7652
91.767
91.7663
91.7559
91.7238
91.7281
91.6931
91.6833
91.672
91.6556
91.6426
91.6391
91.6317
91.6152
91.611
91.6625
91.651
91.6214
91.6053
91.6023
91.61
91.6082
91.5762
91.5479
91.5298
91.4555
91.4809
91.4919
91.4848
91.5039
91.5707
91.488
91.4865
91.4677
91.5253
91.4719
91.4437
91.4063
91.2471
91.1299
90.9508
90.9225
90.8824
90.8798
90.8578
90.8299
90.8123
90.7777
90.7645
90.7441
90.6921
90.6023
90.4518
90.2859
90.232
90.2315
90.224
90.173
90.1415
90.123
90.0953
90.0828
90.0636
90.0268
90.0023
89.9581
89.962
89.9412
89.9385
89.9365
89.9108
89.8666
89.8547
89.8509
89.8074
89.8036
89.7762
89.7799
89.7626
89.6991
89.7012
89.6644
89.5873
89.5691
89.561
89.6068
89.5826
89.5709
89.501
89.4977
89.5099
89.4887
89.4692
89.4574
89.4443
89.4477
89.441
89.4532
89.4548
89.4679
89.4686
89.4492
89.4503
89.4504
89.4516
89.4497
89.4509
89.4501
89.4483
89.4487
89.4497
89.4486
89.4479
89.4452
89.4443
89.4421
89.4365
89.4335
89.4015
