BEST ITALY LOSS FUNCTION
439.194
422.709
410.288
402.884
394.21
389.484
384.956
376.973
366.536
357.533
349.816
343.12
334.803
326.972
321.713
315.269
309.728
305.979
303.665
300.927
299.197
296.905
295.049
292.574
289.398
285.688
281.75
278.044
273.005
268.698
266.17
262.715
260.421
258.677
255.82
254.17
252.706
249.942
246.661
244.703
243.024
240.005
235.79
234.218
232.589
231.689
230.647
229.623
228.723
227.806
226.145
224.237
222.656
220.981
220.041
218.421
217.404
215.881
214.875
213.91
212.781
211.499
209.697
208.284
206.381
204.531
202.124
199.962
198.473
196.662
195.008
193.618
191.823
189.293
188.075
187.187
185.893
184.711
183.873
183.04
182.253
181.744
181.521
180.873
180.141
179.42
178.517
177.961
176.99
176.213
175.554
175.269
174.816
173.982
173.281
172.901
172.297
171.708
171.159
170.585
169.454
168.226
166.852
166.2
165.719
165.638
165.406
165.112
164.438
164.219
164.068
163.594
163.274
162.364
160.596
159.386
158.348
157.652
156.56
155.961
155.007
154.393
153.897
153.097
152.542
152.214
151.545
150.835
150.557
150.404
150.088
149.743
149.461
149.283
149.014
148.188
147.68
146.915
146.504
146.21
145.739
145.239
144.848
144.336
143.844
143.46
143.018
142.759
142.283
141.652
141.031
140.392
139.755
138.86
137.827
136.831
136.176
135.533
134.866
134.273
133.724
133.075
132.872
132.49
132
131.293
130.954
130.636
130.399
130.083
129.764
129.555
129.364
128.965
128.771
128.513
128.356
128.072
127.887
127.606
127.166
126.788
126.41
126.06
125.897
125.263
124.716
124.231
123.865
123.452
123.211
123.007
122.984
122.794
122.615
122.541
122.324
122.075
121.67
121.275
120.685
120.049
119.413
119.161
118.718
118.564
118.353
118.182
118.07
117.853
117.635
117.512
117.385
117.294
117.139
116.864
116.701
116.45
116.257
116.241
116.02
115.737
115.592
115.367
115.065
114.938
114.72
114.556
114.205
114.018
113.819
113.649
113.191
112.809
112.47
112.346
112.134
111.924
111.572
111.317
110.837
110.606
110.341
110.082
109.837
109.664
109.273
109.047
108.762
108.46
108.219
108.123
107.963
107.735
107.438
107.249
106.92
106.838
106.721
106.49
106.413
106.393
106.386
106.305
106.186
106.113
106.135
106.101
106.094
106.027
105.979
106.006
105.958
105.96
105.923
105.939
105.849
105.747
105.736
105.725
105.743
105.74
105.596
105.545
105.506
105.485
105.431
105.428
105.424
105.35
105.315
105.267
105.116
105.004
104.735
104.552
104.503
104.373
104.285
104.12
103.997
103.969
103.933
103.889
103.838
103.893
103.833
103.692
103.613
103.544
103.535
103.539
103.385
103.109
102.972
102.805
102.823
102.76
102.829
102.838
102.58
102.456
102.31
102.178
102.174
102.184
102.189
102.175
102.126
102.088
102.077
102.022
102.002
101.873
101.802
101.703
101.612
101.472
101.476
101.488
101.399
101.356
101.368
101.301
101.282
101.253
101.277
101.151
101.083
101.074
101.013
100.924
100.757
100.577
100.466
100.452
100.434
100.335
100.324
100.327
100.233
100.162
100.056
100.012
99.7665
99.6956
99.4927
99.4334
99.1665
98.8847
98.3335
98.0821
97.9499
97.7138
97.6072
97.5734
97.5266
97.4891
97.4398
97.2662
97.1047
96.9097
96.8546
96.7716
96.5372
96.4948
96.481
96.4394
96.3505
96.3079
96.2415
96.1166
96.0913
96.1057
95.9547
95.9358
95.6634
95.7145
95.66
95.4338
95.3703
95.318
95.3103
95.3065
95.2904
95.2495
95.2092
95.1223
95.0802
94.9902
94.9078
94.9351
94.8029
94.7437
94.6069
94.5442
94.5209
94.4765
94.4825
94.5123
94.4361
94.4225
94.3978
94.3981
94.4189
94.4126
94.3743
94.3495
94.3396
94.336
94.312
94.3115
94.3117
94.3064
94.2952
94.3034
94.2946
94.2889
94.2832
94.3018
94.2937
94.2813
94.2742
94.2601
94.2591
94.2603
94.2805
94.2907
94.2852
94.284
94.2753
94.232
94.2059
94.158
94.0611
94.0039
93.9449
93.9633
93.9253
93.9194
93.9363
93.9405
93.8157
93.7662
93.743
93.6754
93.6715
93.6545
93.644
93.6135
93.6227
93.6062
93.6039
93.5839
93.5935
93.6019
93.5811
93.5899
93.5943
93.5717
93.5661
93.5746
93.5612
93.5678
93.5724
93.5663
93.5606
93.5522
93.502
93.4968
93.5201
93.4943
93.4984
93.494
93.4605
93.4477
93.4164
93.3965
93.4171
93.3741
93.3411
93.3403
93.3597
93.3541
93.3505
93.2477
93.1941
93.188
93.1607
93.1613
93.1621
93.1493
93.1358
93.1058
93.1061
93.0884
93.0786
93.0857
93.0749
93.0714
93.0462
93.032
92.9871
92.9818
92.931
92.9701
92.9731
92.9503
92.8692
92.7515
92.7194
92.727
92.6538
92.6317
92.6614
92.5953
92.5495
92.5335
92.5122
92.516
92.4676
92.4175
92.4353
92.445
92.3488
92.2785
92.2816
92.1872
92.1577
92.0314
91.9272
91.7778
91.5924
91.5246
91.5085
91.4664
91.4331
91.3642
91.3891
91.3268
91.2675
91.2289
91.1765
91.153
91.1123
91.0668
90.9816
90.8728
90.7861
90.7393
90.7006
90.7012
90.6034
90.5416
90.5251
90.5163
90.4805
90.4689
90.4583
90.4422
90.431
90.4186
90.42
90.4137
90.3896
90.3861
90.382
90.3779
90.3917
90.3869
90.3843
90.3828
90.3697
90.3792
90.3733
90.3707
90.3614
90.3465
90.3418
90.3434
90.3494
90.3397
90.3313
90.338
90.3341
90.3371
90.3195
90.3046
90.3064
90.322
90.3234
90.3163
90.3509
90.3452
90.3402
90.3463
90.3592
90.3437
90.3304
90.3171
90.3043
90.3091
90.2969
90.2867
90.2877
90.2931
90.2668
90.2673
90.266
90.2733
90.271
90.266
90.266
90.2523
90.2522
90.2331
90.2297
90.2114
90.2106
90.1746
90.1539
90.1258
90.1376
90.097
90.024
90.0089
90.0112
89.9812
89.9625
89.837
89.8853
89.7868
89.7596
89.7357
89.6782
89.6183
89.5958
89.5737
89.5794
89.5682
89.5379
89.5163
89.517
89.5116
89.5127
89.5054
89.4686
89.4836
89.4702
89.4577
89.4721
89.4554
89.4552
89.4448
89.4355
89.4294
89.4276
89.4222
89.3988
89.3978
89.3579
89.4132
89.4107
89.3408
89.3416
89.3215
89.3218
89.3128
89.3076
89.2619
89.238
89.2477
89.2181
89.2284
89.2339
89.2165
89.1996
89.2104
89.195
89.1692
89.1576
89.1326
89.0929
88.9673
88.9694
88.8351
88.7983
88.6347
88.5972
88.5073
88.3665
88.3152
88.2806
88.2742
88.2515
88.2459
88.2343
88.237
88.2291
88.2361
88.2292
88.2272
88.239
88.2277
88.2366
88.2399
88.2419
88.2347
88.2434
88.2507
88.2511
88.2541
88.2568
88.2504
88.2502
88.2506
88.2489
88.2411
88.2257
88.2385
88.2109
88.1822
88.1685
88.1615
88.1843
88.1781
88.1672
88.1939
88.2154
88.2262
88.2487
88.2485
88.2483
88.2484
88.2406
88.2161
88.1843
88.1512
88.1564
88.1649
88.1724
88.1401
88.0997
88.107
88.0608
88.1336
88.1058
88.1374
88.1443
88.1104
88.0656
88.0457
88.0418
87.901
87.9118
87.874
87.8812
87.8589
87.8492
87.8429
87.841
87.8343
87.8416
87.8376
87.8205
87.8107
87.8062
87.8062
87.8058
87.8056
87.8055
87.8055
87.8062
87.806
87.806
87.8061
87.8058
87.806
87.8057
87.8055
87.8056
87.8055
87.8053
87.8051
87.8054
87.8049
87.805
87.805
87.8051
87.8053
87.8052
87.8053
87.8053
87.799
87.7855
87.7592
87.732
87.7309
87.7416
87.7301
87.7399
87.6716
87.6573
87.5954
87.6207
87.576
87.6047
87.5324
87.5087
87.4413
87.4461
87.3857
87.3702
87.3343
87.2366
87.2296
87.1836
87.1738
87.1628
87.1483
87.1527
87.147
87.1438
87.1276
87.095
87.0815
87.0353
87.0038
86.9934
86.9861
86.9735
86.9652
86.9592
86.9613
86.9514
86.9427
86.9482
86.9719
86.9535
86.9539
86.9638
86.963
86.9628
86.9747
86.9744
86.9672
86.9688
86.9671
86.9773
86.9776
86.9776
86.9586
86.9586
86.9703
86.9632
86.9703
86.9709
86.9777
86.9639
86.9773
86.9772
86.9678
86.9585
86.9764
86.9777
86.9777
86.9777
86.9775
86.9771
86.9768
86.9763
86.9763
86.9761
86.9759
86.9761
86.9656
86.976
86.9761
86.9761
86.9759
