BEST ITALY LOSS FUNCTION
398.537
388.041
375.314
375.314
375.022
364.502
352.988
346.707
339.694
330.562
315.213
314.291
310.612
303.425
302.922
293.15
292.081
287.254
286.535
278.914
278.914
275.241
267.416
263.441
260.397
257.143
254.7
250.616
247.552
247.231
245.246
242.777
238.628
235.264
237.648
237.152
234.898
234.724
231.675
225.827
224.772
224.772
222.667
222.47
218.99
213.767
213.767
213.736
212.737
212.42
208.41
205.513
206.598
205.823
204.409
200.178
200.178
200.178
200.178
198.092
198.092
196.652
194.894
191.482
191.359
190.602
190.399
187.894
186.467
184.409
184.409
184.109
182.785
178.598
178.598
178.096
176.421
175.797
175.797
174.38
175.286
173.699
173.349
173.458
171.938
171.896
171.583
171.304
170.402
169.594
169.614
167.968
165.743
165.743
164.476
164.476
158.516
158.079
158.079
156.666
156.595
156.595
154.631
154.631
154.158
154.276
154.181
154.201
153.172
153.172
152.203
151.935
151.75
152.307
151.033
151.033
149.582
146.547
146.547
148.066
147.089
145.336
144.327
144.074
142.968
142.925
142.083
142.573
141.151
139.495
139.495
138.629
137.739
138.059
135.942
135.942
135.535
135.23
135.778
133.862
133.862
133.848
133.848
133.731
131.217
131.217
131.217
127.72
127.72
126.924
126.924
126.293
126.261
125.119
125.119
124.966
124.286
124.286
123.213
123.213
123.213
123.213
123.207
123.207
123.058
123.053
123.053
123.053
123.053
122.144
121.781
121.635
121.635
121.635
121.635
120.462
120.462
120.462
120.462
120.267
120.268
119.963
119.996
119.996
119.963
119.996
119.539
119.662
119.452
119.452
119.368
118.789
118.789
116.925
118.789
118.706
118.706
118.578
118.662
118.662
118.706
118.462
118.068
116.877
116.877
116.682
116.59
116.682
115.391
115.391
115.393
115.302
115.302
114.975
114.816
113.918
113.918
113.369
113.95
113.95
113.528
113.681
113.209
113.209
113.209
113.209
112.827
112.343
112.343
112.343
112.343
112.343
112.343
112.343
112.238
111.578
111.578
110.243
110.243
111.382
110.889
110.818
110.818
110.243
109.966
110.243
109.966
109.525
109.525
109.525
109.212
109.365
109.095
109.095
108.98
109.102
108.331
108.216
108.203
108.203
107.652
107.743
107.314
107.044
106.879
106.418
106.418
106.418
106.104
106.274
105.442
105.442
106.142
105.702
105.012
105.012
104.541
105.011
104.969
104.602
104.77
104.3
103.631
103.326
103.326
103.326
103.631
103.326
102.756
102.843
102.758
102.758
102.758
102.758
102.758
102.446
102.288
102.194
100.766
100.766
100.766
100.924
100.062
100.339
100.339
100.35
98.8741
98.8741
98.4588
98.4588
98.31
98.2192
97.8332
97.8332
97.7046
97.5604
97.4117
97.2974
96.5126
96.5126
96.5126
96.5126
96.2478
96.2478
96.5126
96.4112
95.9257
95.9257
95.6676
95.9257
95.9257
95.9257
95.623
95.8851
95.8764
95.8764
95.7235
95.6627
95.7235
95.4452
95.4452
95.4452
95.1383
95.1383
95.1073
94.6122
95.1383
92.5627
92.4179
92.2997
92.2997
92.2997
92.3987
91.7703
91.6136
91.0431
90.78
91.0431
91.0431
90.78
90.78
90.78
90.78
90.1759
90.6917
90.6917
90.6917
90.6917
90.2112
90.1212
90.1212
90.1212
90.1212
90.1212
90.1212
90.1212
90.1212
90.1212
89.7908
89.6093
89.5883
88.4147
89.6407
89.6407
89.6407
89.6407
89.6407
89.6083
89.6083
89.3331
89.3331
89.4832
88.8526
88.8526
88.8526
89.265
88.8526
88.8526
88.8526
89.0058
89.0058
88.5832
88.5832
88.5832
88.0772
88.5832
88.2528
88.2528
88.214
88.214
88.214
88.214
88.2528
88.1577
88.1233
88.1233
88.1233
87.9885
87.9552
87.7694
87.0099
86.9479
86.5214
86.5214
86.5214
86.5214
86.5214
86.5214
86.5214
87.0052
87.0099
87.0052
86.4545
86.5037
86.5037
86.1392
85.7727
85.7727
85.3593
85.1073
85.3593
85.3942
84.8066
84.8066
84.4503
84.4503
84.5491
84.5491
84.5491
84.3712
84.2834
84.179
84.179
83.7854
83.7854
83.7854
83.7854
83.8474
83.8474
83.8235
83.8474
83.7849
83.7534
83.6233
83.3529
83.3529
82.5971
82.5971
82.5971
82.5916
82.5233
81.794
81.794
81.794
81.794
81.856
81.1233
81.1233
81.4555
81.3981
81.3981
81.1179
80.7718
80.7671
80.4303
80.4303
80.4303
79.9119
79.9119
79.9119
79.9119
79.8545
79.9119
79.9119
79.9119
79.9119
79.9119
79.8545
79.8545
79.8545
79.8499
79.8499
79.8275
79.7289
79.3735
79.3161
79.3161
79.3161
79.3735
79.8499
79.8499
79.8499
79.7708
79.8499
79.8499
79.8499
79.8499
79.8499
79.8499
79.8499
79.8499
79.8499
79.8499
79.8499
79.8499
79.8499
79.8499
79.4487
79.8499
79.8499
79.8499
79.8499
79.8499
77.6138
79.849
79.7186
79.7759
79.4936
79.4936
79.4936
79.4936
79.4936
79.4936
79.4936
79.4936
79.4889
79.4889
79.4889
79.1413
78.9005
79.1413
79.1987
79.1987
79.1987
79.3424
79.3082
79.2445
79.4456
79.4456
79.4456
79.2807
79.3709
79.3709
78.6575
78.6575
79.4617
79.4562
79.4562
79.4562
78.9532
78.9532
78.9532
78.9532
79.304
79.3688
79.3688
79.0657
79.3735
79.3115
79.0083
79.0083
79.0083
79.0083
79.0037
79.0037
79.0037
79.0029
78.9532
78.9532
78.9532
78.9532
79.0029
79.0029
78.9524
79.0029
78.9579
79.0029
78.9582
78.3537
78.3537
78.3537
78.3563
78.3584
78.3584
78.3529
78.3529
78.3024
78.3529
78.4102
78.4102
78.3529
77.9028
78.3529
78.3529
78.3529
78.3079
78.3079
78.3079
78.3079
78.3079
78.3024
78.3024
78.3032
78.3024
78.3024
78.3024
78.3024
78.3024
78.3024
78.2555
78.2781
78.2781
78.2781
78.2201
78.2504
78.2781
77.8243
77.8243
77.6499
77.6444
77.5994
77.5994
77.6444
77.5947
77.5947
77.5994
77.5994
77.5994
77.5994
77.5994
77.5994
77.5939
77.5939
77.5939
77.5939
77.5939
77.5939
77.5939
77.5939
77.5939
77.1066
77.5939
77.5939
76.321
77.5939
77.5939
77.4674
77.5939
77.5939
77.5939
77.5939
77.5939
77.5651
77.0408
77.0408
77.0408
77.0408
77.0408
77.0408
77.0408
77.0408
77.0463
77.0408
77.0408
76.9315
77.0408
77.0408
77.0408
77.0408
77.0463
77.0408
77.0408
77.0408
77.0408
77.0408
77.0408
77.0408
77.0416
76.4371
77.0408
77.0463
77.0463
77.1536
77.1536
77.1536
77.1536
77.1536
77.1536
77.1536
77.1536
77.1536
77.1536
77.1536
77.1536
77.1536
77.1536
77.1536
77.1536
77.1536
77.1536
77.1536
77.1536
77.1536
77.1536
77.1536
77.1536
77.1536
77.1536
77.1536
77.1003
77.141
77.1536
77.1536
77.0964
77.0964
77.1536
77.1536
76.9165
76.9165
77.0974
77.1355
77.1536
77.1536
77.1019
77.1536
77.0263
77.0263
77.0263
76.5329
75.9409
75.9409
75.9409
75.9409
75.9409
76.691
76.1384
76.691
76.6855
76.6855
76.691
77.1068
77.1068
77.1086
77.1086
77.1086
76.5915
76.5915
76.5915
76.5915
76.5915
76.5915
76.5915
76.5915
76.5915
76.5915
76.586
76.5298
76.5298
76.5298
76.5298
76.5298
76.5298
76.5298
76.5298
76.5298
76.5298
76.5298
76.5243
76.5243
76.5243
76.5243
76.5243
76.5243
76.4793
76.4793
76.5243
76.5243
76.5243
76.5243
76.5243
75.4745
76.5243
76.5243
76.5243
76.5243
76.1038
75.7301
75.7301
75.7301
75.7301
74.4869
74.4869
74.5051
74.4434
74.4996
74.5051
74.4434
74.4434
74.4434
74.4434
74.4434
74.4434
74.4434
74.4434
74.4434
73.9542
74.4434
74.4434
74.4434
74.4434
74.4434
74.4379
74.4379
74.4434
74.4379
74.4379
74.4434
74.4434
74.4434
74.4379
74.4379
74.4434
74.4434
74.4379
74.4379
74.4379
74.4379
74.4379
74.4379
74.4379
74.4379
74.3943
74.3943
74.4379
74.4379
74.3943
74.3943
74.3943
74.3943
74.3943
74.3888
74.3888
74.3943
74.3943
73.2924
74.3943
74.3943
74.3943
74.3943
74.3943
74.3943
73.9077
74.3943
74.3943
73.2307
74.3888
74.3943
74.3943
74.3943
74.3943
74.3943
74.3943
74.3943
74.4379
74.3888
74.3943
74.3943
74.3943
74.3943
74.3943
74.4379
74.4379
74.4379
74.4379
74.4379
74.4379
74.4379
74.4336
74.4253
74.2495
