BEST ITALY LOSS FUNCTION
416.77
405.435
399.53
393.757
388.851
383.299
380.185
377.117
374.558
370.427
366.846
361.909
357.826
347.957
337.144
331.949
328.69
324.904
321.418
316.22
311.439
305.794
300.196
295.381
291.707
287.561
281.747
277.738
274.217
271.021
268.782
267.237
264.508
262.801
261.853
260.732
259.112
257.511
255.839
252.148
249.177
246.219
244.128
242.515
240.038
238.417
237.328
235.079
232.747
230.765
229.225
227.049
225.486
223.697
222.12
219.792
217.517
215.604
213.5
210.891
209.326
208.549
207.694
206.651
204.398
201.977
200.309
199.786
199.022
198.183
197.88
197.709
196.759
195.587
194.892
194.295
193.921
193.219
192.218
191.311
190.448
189.965
189.468
188.065
186.632
185.347
184.544
183.682
182.104
181.194
180.805
179.845
179.192
178.406
177.688
177.316
176.703
175.899
175.109
174.485
173.987
173.437
172.979
172.506
171.84
171.096
170.192
168.957
168.53
167.623
166.821
165.014
163.54
162.523
161.592
160.998
160.382
160.051
158.806
157.584
156.26
155.528
154.428
153.132
151.928
151.118
150.339
149.829
149.393
148.815
148.126
147.683
147.237
146.878
146.492
145.818
144.951
144.185
143.533
143.356
143.211
143.008
142.889
142.618
142.53
142.342
142.407
142.245
142.154
141.737
140.977
140.488
139.955
139.291
139.146
139.095
138.878
138.773
138.667
138.39
137.998
137.659
137.552
137.388
137.266
137.094
136.981
136.9
136.591
136.333
136.131
135.644
134.895
134.494
133.703
133.577
133.436
133.095
132.555
131.874
131.4
129.924
129.308
128.97
128.499
128.418
128.365
128.355
128.317
128.183
127.961
127.843
127.802
127.603
127.477
127.53
127.288
127.189
126.67
126.014
125.668
125.436
125.318
125.151
124.887
124.657
124.453
124.162
124.1
124.195
124
123.842
123.754
123.622
123.557
123.583
123.368
123.289
123.114
123.054
122.957
122.903
122.826
122.665
122.41
122.364
122.21
121.995
121.572
121.282
120.987
120.376
120.117
119.946
119.686
119.442
119.099
118.795
118.618
118.442
118.158
117.929
117.487
117.126
117.082
116.814
116.529
116.196
116.026
115.758
115.414
115.087
114.725
114.226
113.881
113.679
113.507
113.388
113.249
112.817
112.426
112.21
112.099
111.88
111.605
111.541
111.389
111.296
111.099
110.976
110.894
110.659
110.467
110.354
110.187
110.083
110.007
109.975
109.857
109.788
109.717
109.579
109.537
109.486
109.459
109.455
109.444
109.409
109.372
109.389
109.376
109.406
109.365
109.368
109.304
109.242
109.284
109.264
109.281
109.237
109.242
109.204
109.227
109.193
109.199
109.149
109.124
109.134
109.14
109.089
108.988
108.802
108.845
108.838
108.773
108.759
108.765
108.722
108.706
108.82
108.764
108.631
108.582
108.468
108.319
108.168
108.201
108.172
107.913
107.783
107.653
107.521
107.537
107.502
107.453
107.385
107.208
107.047
107.058
107.027
106.996
107.018
106.999
106.995
106.985
106.89
106.806
106.659
106.626
106.601
106.544
106.536
106.489
106.532
106.374
106.33
106.206
106.214
106.095
105.998
105.948
105.88
105.816
105.778
105.72
105.697
105.614
105.73
105.69
105.674
105.665
105.666
105.614
105.58
105.55
105.518
105.498
105.445
105.44
105.44
105.34
105.296
105.277
105.292
105.276
105.207
105.175
105.16
105.167
105.149
105.156
105.062
104.996
104.979
104.919
104.844
104.886
104.816
104.755
104.719
104.619
104.613
104.504
104.465
104.41
104.405
104.262
104.255
104.202
104.207
104.212
104.228
104.188
104.196
104.207
104.157
104.146
104.047
104.03
103.965
103.878
103.766
103.707
103.652
103.57
103.525
103.475
103.392
103.409
103.343
103.283
103.3
103.225
103.17
103.132
103.061
103.027
102.997
102.903
102.866
102.808
102.724
102.665
102.574
102.539
102.443
102.411
102.404
102.368
102.326
102.138
102.005
101.89
101.736
101.603
101.594
101.498
101.245
101.121
101.035
100.878
100.841
100.762
100.734
100.58
100.412
100.329
100.311
100.251
100.218
100.1
100.043
99.9748
99.8609
99.6177
99.4012
99.0802
98.6482
98.4206
98.0559
97.8364
97.5648
97.4258
97.2295
97.0219
96.9608
96.93
96.8971
96.8752
96.8746
96.873
96.8731
96.8702
96.8702
96.8467
96.8642
96.871
96.8698
96.8698
96.8698
96.8568
96.8685
96.861
96.8577
96.8533
96.8483
96.8611
96.8328
96.844
96.8472
96.8323
96.8141
96.8185
96.8155
96.8415
96.8213
96.8205
96.8337
96.8311
96.8343
96.8346
96.8338
96.806
96.7911
96.8107
96.807
96.8146
96.7823
96.7744
96.7926
96.7629
96.7376
96.6973
96.6788
96.7046
96.6781
96.6937
96.7446
96.7009
96.6342
96.6963
96.6694
96.6931
96.6766
96.5639
96.5554
96.5319
96.5262
96.4884
96.4813
96.439
96.4298
96.4202
96.4047
96.4447
96.4316
96.4099
96.409
96.4154
96.3737
96.3929
96.3279
96.3531
96.3736
96.3071
96.3433
96.3178
96.3233
96.2871
96.2923
96.2935
96.2892
96.2303
96.2173
96.1457
96.0776
95.9861
95.9943
96.0194
96.0177
96.0201
96.015
96.0013
95.9814
95.9489
95.9233
95.8705
95.7969
95.7361
95.7291
95.7088
95.6776
95.6853
95.6601
95.5961
95.513
95.4621
95.3412
95.1254
94.9139
94.8222
94.5739
94.4312
94.3665
94.3707
94.3681
94.3657
94.3631
94.3553
94.343
94.3552
94.3369
94.3295
94.2789
94.2336
94.1652
94.1287
94.0217
93.9086
93.721
93.6243
93.5638
93.5609
93.5343
93.5472
93.5227
93.4977
93.4977
93.4885
93.4907
93.4484
93.4197
93.4008
93.305
93.2386
93.1864
93.1835
93.1832
93.1775
93.1654
93.1654
93.1679
93.1795
93.1732
93.1732
93.1739
93.1606
93.1521
93.1739
93.158
93.1706
93.1558
93.1476
93.129
93.089
93.0891
93.0631
93.0414
92.9954
93.0206
93.0038
92.9675
92.9577
92.9339
92.9501
92.9438
92.9777
92.897
92.8628
92.8468
92.8259
92.8432
92.8062
92.8026
92.7735
92.797
92.8009
92.8063
92.7936
92.7786
92.7718
92.7544
92.7798
92.7927
92.7892
92.7519
92.738
92.7312
92.7593
92.7346
92.7495
92.7577
92.719
92.7134
92.6844
92.7114
92.6952
92.7072
92.6842
92.6896
92.6334
92.5441
92.5473
92.5235
92.501
92.3966
92.3546
92.3318
92.2848
92.2837
92.2546
92.2257
92.1819
92.1413
92.1686
92.139
92.1236
92.0928
92.0923
92.1079
92.0943
92.0456
92.0774
92.0331
91.9732
91.9167
91.8974
91.7871
91.7932
91.634
91.5874
91.555
91.5821
91.5448
91.5195
91.507
91.469
91.4471
91.4132
91.4121
91.4121
91.4121
91.4121
91.4075
91.3961
91.398
91.3935
91.3851
91.3968
91.3887
91.398
91.4087
91.4077
91.4088
91.4102
91.4063
91.4124
91.4132
91.4132
91.4132
91.4128
91.4089
91.4045
91.4089
91.4089
91.4039
91.4045
91.4132
91.4132
91.4132
91.4123
91.4102
91.4107
91.4029
91.4004
91.3815
91.4036
91.382
91.3858
91.3889
91.3876
91.3739
91.3703
91.3744
91.3799
91.3654
91.3601
91.1988
90.8355
90.9477
90.7191
89.4567
88.2077
84.9444
84.3378
84.3378
84.3378
84.337
84.3309
84.3224
84.322
84.325
84.3239
84.3058
84.2759
84.2993
84.3245
84.3068
84.3132
84.3249
84.3336
84.3332
84.3316
84.3295
84.3301
84.331
84.3378
84.327
84.3125
84.3088
84.2991
84.2789
84.306
84.308
84.2811
84.282
84.2791
84.2391
84.2871
84.3073
84.3054
84.2998
84.2964
84.2976
84.2842
84.2917
84.2952
84.3127
84.3115
84.3012
84.2733
84.2498
84.2692
84.2488
84.1252
84.181
84.1377
84.1504
84.0623
84.0749
83.9422
83.8846
83.7404
83.6454
83.5529
83.4478
83.4182
83.3361
83.3429
83.2378
83.2102
83.208
83.1526
83.1246
83.0814
83.0774
83.0405
83.0467
83.0218
83.0226
83.0172
83.0171
83.0274
83.0278
83.0284
83.0237
83.0207
83.0237
83.0178
83.0147
83.0203
83.0239
83.017
83.0123
83.0184
83.0158
82.9981
82.9971
82.9784
82.9951
82.9976
82.9987
82.9994
83.0055
83.0055
83.0092
83.0065
82.9923
82.9887
82.9909
