BEST ITALY LOSS FUNCTION
414.456
404.203
395.085
381.098
375.1
370.406
365.091
359.428
355.971
352.317
349.535
344.448
335.805
329.641
324.173
319.074
314.867
310.826
304.132
293.282
288.938
284.892
282.045
278.795
275.564
272.564
268.814
264.499
260.124
257.825
254.81
251.036
247.414
245.177
241.829
238.903
236.38
234.68
233.8
233.325
232.313
231.69
230.383
229.285
228.444
227.885
226.673
225.289
224.363
223.638
221.438
217.856
215.253
213.535
212.157
211.352
210.575
210.168
209.524
208.973
208.58
207.725
207.343
206.505
205.585
204.757
203.737
202.321
200.275
198.095
196.779
195.732
195.219
194.775
194.371
193.837
193.168
191.994
190.943
189.16
188.178
187.114
186.465
186.021
185.275
184.301
183.04
181.927
180.332
179.682
178.89
178.342
177.761
177.441
176.323
175.456
173.475
172.288
171.432
170.772
170.409
169.866
169.482
169.557
169.233
169
168.292
167.791
166.85
166.361
164.671
162.723
161.198
160.321
159.415
158.659
157.634
156.802
156.018
155.37
154.413
153.722
152.466
151.369
149.472
147.149
144.089
143.459
142.869
142.634
142.415
142.287
142.054
141.809
141.409
141.388
141.321
141.055
140.531
140.265
139.458
138.945
138.38
137.813
137.018
135.56
134.163
133.646
133.301
132.825
132.214
131.417
131.491
131.177
130.663
130.389
130.088
129.433
128.866
128.327
128.095
127.745
127.526
127.072
126.376
125.73
125.145
124.671
124.286
123.671
123.32
122.404
121.667
121.101
120.321
119.98
119.605
119.48
119.226
118.964
118.827
118.641
118.29
117.984
117.849
117.649
117.31
117.216
116.901
116.765
116.637
116.458
116.267
116.22
116.067
115.965
115.76
115.509
115.37
115.15
114.99
114.754
114.511
113.941
113.689
113.482
113.134
112.808
112.578
112.128
111.923
111.66
111.473
111.233
111.026
110.751
110.546
110.29
109.938
109.815
109.599
109.314
109.006
108.828
108.275
107.772
107.149
106.683
106.403
106.153
105.973
105.918
105.829
105.744
105.578
105.468
105.323
105.242
105.053
104.957
104.775
104.726
104.62
104.463
104.428
104.377
104.197
104.066
103.927
103.79
103.752
103.488
103.438
103.287
103.16
103.031
103.002
102.842
102.775
102.706
102.648
102.553
102.514
102.498
102.397
102.337
102.243
102.196
102.186
102.071
102.032
101.923
101.815
101.707
101.639
101.563
101.371
101.194
101.173
100.903
100.845
100.629
100.317
100.127
99.9028
99.8995
99.7635
99.6677
99.5798
99.4477
99.3688
99.0426
98.9704
98.892
98.7773
98.6448
98.592
98.5665
98.5797
98.5829
98.5583
98.5321
98.4976
98.5148
98.4857
98.5171
98.4637
98.3579
98.3363
98.2554
98.0109
97.7807
97.4663
97.3301
96.9731
96.652
96.5912
96.5714
96.5119
96.3633
95.9016
95.5772
95.2101
94.9307
94.9137
94.9284
94.8816
94.8639
94.8152
94.7607
94.6346
94.5308
94.2989
94.2639
94.2042
94.1215
94.0769
94.0287
93.994
93.9112
93.8358
93.7974
93.7479
93.7377
93.6581
93.6115
93.5166
93.4433
93.3291
93.1563
93.0102
92.7559
92.5637
92.4872
92.4424
92.3053
92.046
91.895
91.8679
91.8148
91.7226
91.5638
91.4819
91.3396
91.2663
91.2584
91.2304
91.1827
91.1671
91.1593
91.1943
91.1292
91.0466
90.9745
90.977
90.956
90.8929
90.8791
90.8511
90.7564
90.7151
90.6763
90.555
90.5497
90.5078
90.4238
90.3703
90.2646
90.1389
90.1122
90.1323
90.0585
89.913
89.833
89.7092
89.5899
89.4606
89.3078
89.0957
88.8836
88.8495
88.6732
88.4629
88.0899
87.7989
87.6884
87.4608
87.1392
87.0507
86.8418
86.4324
86.2106
86.074
85.9034
85.7043
85.6256
85.5676
85.4933
85.3965
85.3626
85.3172
85.1765
85.0349
84.8412
84.7505
84.6461
84.5696
84.5363
84.4533
84.4109
84.3073
84.236
84.2354
84.2354
84.2354
84.2221
84.2293
84.2138
84.1997
84.1765
84.1956
84.1855
84.1245
84.0626
84.0506
84.0157
83.9352
83.9761
83.9233
83.9105
83.8973
83.8957
83.8524
83.8188
83.8106
83.8224
83.8495
83.7766
83.8307
83.7915
83.7337
83.7465
83.6668
83.7069
83.6979
83.6619
83.6458
83.6157
83.5786
83.5609
83.5265
83.4775
83.4327
83.3731
83.352
83.3102
83.3516
83.2799
83.2116
83.1732
83.1649
83.1443
83.1266
83.1236
83.1087
83.0766
83.056
83.0163
83.003
82.9794
82.906
82.8462
82.7577
82.8146
82.7849
82.7496
82.7213
82.6882
82.6677
82.6819
82.6762
82.6591
82.6379
82.6155
82.6068
82.5819
82.5581
82.5315
82.5035
82.4845
82.4524
82.4421
82.4447
82.4688
82.4447
82.4373
82.4064
82.3415
82.3069
82.2882
82.2633
82.2587
82.255
82.25
82.1999
82.0975
82.0965
82.0715
82.0417
82.0485
81.93
81.7926
81.6832
81.5923
81.5597
81.4518
81.4318
81.3937
81.2643
81.1684
81.1464
81.1183
81.0297
80.9494
80.9941
80.9664
80.9449
80.8988
80.8508
80.8078
80.7557
80.74
80.7351
80.7288
80.715
80.6863
80.6525
80.6583
80.6533
80.6436
80.6233
80.6164
80.6181
80.6135
80.6109
80.5938
80.5981
80.5992
80.5938
80.5921
80.5977
80.5932
80.57
80.5443
80.527
80.5157
80.5087
80.5183
80.5272
80.5167
80.5045
80.5139
80.4984
80.4643
80.4956
80.4969
80.4978
80.4746
80.4556
80.4684
80.4758
80.4534
80.4303
80.4437
80.4128
80.3937
80.3581
80.3582
80.3454
80.3517
80.3547
80.344
80.3577
80.3313
80.3177
80.3263
80.2942
80.2821
80.2536
80.2139
80.208
80.1938
80.1843
80.182
80.1803
80.1528
80.1685
80.1788
80.1635
80.1657
80.1589
80.1506
80.1444
80.1199
80.1033
80.0991
80.0878
80.0667
80.0438
80.0544
80.052
80.0428
80.0197
80.0061
79.9149
79.9504
79.9401
79.8721
79.8447
79.6728
79.552
79.388
79.3027
79.2103
79.1496
79.134
79.127
79.0029
78.9416
78.9488
78.8721
78.7476
78.6471
78.5188
78.5066
78.5012
78.4414
78.4397
78.4565
78.4308
78.4083
78.4042
78.3837
78.3825
78.381
78.3687
78.3717
78.3362
78.3189
78.292
78.2862
78.275
78.2908
78.2877
78.2778
78.2407
78.2355
78.2548
78.2643
78.2556
78.2229
78.219
78.1846
78.1561
78.1464
78.134
78.0734
78.0235
78.0272
78.0301
78.0028
78.0095
77.9708
77.9888
77.9706
77.9659
77.9519
77.8865
77.8541
77.886
77.8154
77.7521
77.7357
77.6884
77.6082
77.5474
77.5125
77.4811
77.432
77.3901
77.3341
77.307
77.234
77.1617
77.1365
77.1248
77.1124
77.0932
77.0432
77.0069
76.9635
76.939
76.9411
76.883
76.8709
76.8515
76.8737
76.8561
76.8485
76.8443
76.843
76.8188
76.8114
76.8008
76.7969
76.7968
76.783
76.78
76.7712
76.7875
76.7851
76.7642
76.7628
76.7401
76.7133
76.7085
76.7025
76.7151
76.6883
76.6847
76.6798
76.649
76.6357
76.6189
76.5919
76.5665
76.5015
76.453
76.4276
76.4267
76.3819
76.3709
76.3524
76.3416
76.3288
76.3037
76.285
76.2772
76.2667
76.241
76.2192
76.2268
76.2203
76.1736
76.2017
76.1881
76.1876
76.154
76.1051
76.1536
76.1098
76.0559
75.8338
75.6796
75.5636
75.5396
75.5225
75.5153
75.4982
75.5049
75.497
75.4966
75.4966
75.4898
75.5043
75.4889
75.4743
75.4234
75.4131
75.3778
75.3734
75.3698
75.3025
75.2767
75.2375
75.2478
75.1853
75.1818
75.2073
75.1799
75.1602
75.1537
75.1567
75.1557
75.1532
75.1523
75.1534
75.1551
75.1536
75.1559
75.1562
75.1564
75.1555
75.1373
75.1396
75.1091
75.1378
75.1042
75.094
75.0948
75.0929
75.0317
75.0252
74.9979
75.012
74.9447
74.842
74.6925
74.6014
74.446
74.4215
74.4201
74.4198
74.4189
74.4188
74.417
74.4168
74.4152
74.415
74.4134
74.4094
74.4082
74.4124
74.4117
74.4105
74.4061
74.4062
74.4117
74.4127
74.4124
74.4113
74.4069
74.4007
74.4019
74.4006
74.4021
74.4003
74.3938
74.3999
74.4043
74.396
74.3975
74.3992
74.393
74.3767
74.3621
74.3464
74.3601
74.3712
74.3273
74.3205
74.2676
74.248
74.2421
74.2538
74.2503
74.25
74.1335
74.1001
74.0526
74.0448
74.034
74.0483
74.0482
74.0287
73.9923
73.9798
73.975
73.9117
73.8658
