BEST ITALY LOSS FUNCTION
418.157
409.225
394.428
387.188
386.977
375.423
369.097
355.232
352.613
337.307
337.307
325.605
325.605
320.797
307.298
305.896
299.751
299.751
299.751
295.681
291.25
290.605
287.283
279.89
279.89
279.89
272.767
268.726
265.447
263.8
259.82
255.403
254.945
254.945
251.652
244.137
244.137
241.966
239.802
239.802
235.07
233.466
231.824
231.824
228.449
228.449
228.008
227.282
224.792
224.761
219.416
219.416
219.416
216.073
213.607
213.534
213.534
211.648
211.554
209.766
208.242
206.204
205.844
201.129
199.932
199.726
195.21
195.21
195.21
195.21
187.592
187.592
187.592
186.346
184.995
184.134
183.42
182.074
178.9
180.75
179.62
179.62
178.29
177.464
177.464
176.645
176.184
174.991
174.42
173.402
173.773
173.63
172.617
169.692
171.382
171.655
168.334
170.808
167.018
163.884
163.884
162.43
160.882
161.787
160.438
159.247
157.064
157.064
157.064
155.431
154.719
153.699
152.325
152.325
151.185
151.151
150.776
149.812
149.52
148.494
147.933
147.84
146.898
146.163
145.898
145.883
145.883
145.75
144.647
144.647
144.647
143.422
143.042
143.042
143.042
142.445
142.445
141.423
141.423
140.936
140.157
136.849
136.849
136.849
136.849
135.11
134.836
135.11
135.11
134.72
134.684
133.413
133.592
133.134
130.332
132.034
132.034
132.283
129.825
129.825
130.448
130.448
127.866
127.863
126.164
126.13
126.13
126.13
125.328
124.58
124.58
124.203
124.203
123.344
122.96
122.495
122.084
122.047
121.946
121.345
120.474
120.446
120.412
120.412
120.409
119.297
120.182
119.661
119.32
119.009
119.009
119.009
118.874
118.874
118.841
118.696
118.301
118.301
118.628
118.4
118.335
116.844
117.617
117.617
117.617
117.555
117.555
117.476
116.782
116.782
116.782
116.782
116.197
116.095
116.095
115.724
115.712
114.825
114.763
114.721
114.459
114.459
114.425
114.499
114.425
114.123
113.395
112.825
112.825
112.825
112.825
112.767
112.767
112.594
112.226
111.477
111.477
111.433
110.937
110.937
111.004
109.976
109.976
110.105
109.976
109.805
109.523
109.464
109.587
109.759
109.502
109.076
109.487
109.092
109.092
109.006
108.966
108.073
108.073
108.073
108.016
108.016
108.016
107.982
107.608
107.596
107.224
106.921
106.921
106.789
106.76
105.754
106.094
104.949
104.859
105.597
105.597
105.089
105.603
105.603
105.286
105.286
104.684
104.305
104.248
103.931
103.458
103.764
103.562
103.562
103.115
103.045
103.103
102.862
102.862
102.735
102.639
102.284
102.083
101.963
101.929
101.963
101.963
101.897
101.897
101.906
101.897
101.897
101.897
101.872
101.893
101.84
101.84
101.122
101.688
101.688
101.688
101.84
101.297
101.062
101.062
101.062
101.476
101.476
101.476
101.476
101.476
100.992
100.94
100.94
101.255
101.18
100.979
98.7663
98.7663
98.7621
98.7663
98.6073
98.6073
98.6646
98.2306
96.6989
97.8484
97.8442
97.3127
97.2885
97.2885
97.0699
97.0699
97.0699
97.3638
96.5201
96.5201
96.5201
97.2223
96.5201
96.5201
96.5201
96.5159
96.5159
95.8733
95.8733
95.7531
96.3595
96.0675
95.7212
95.7531
95.2905
95.5275
95.3182
94.4916
94.4916
94.9151
94.0859
93.4965
93.3408
93.1888
93.1888
92.707
92.707
92.7766
92.6657
92.9521
92.7733
92.5936
92.707
92.3735
92.3735
92.3735
92.3777
92.3777
92.3777
92.3735
92.3777
92.3777
92.3777
92.3777
92.3735
92.3735
92.3735
92.3735
92.3735
92.3735
92.3735
92.2216
92.2173
92.2173
92.169
91.8509
91.8509
91.8467
91.8509
91.8509
91.737
91.737
91.8509
91.8509
91.2594
91.2594
91.5662
91.5662
91.5662
91.5662
91.5662
91.5385
91.5385
91.4988
91.0791
91.4988
91.4988
91.3814
91.3814
91.2792
91.2792
91.1124
90.9271
90.9271
90.9271
90.9271
90.9271
90.9271
90.501
90.8546
90.4661
90.4661
90.04
90.04
90.4661
90.4285
90.04
85.5304
85.5304
84.9583
84.8347
84.8347
84.8347
84.8347
84.8347
84.8347
84.8347
84.8347
84.7478
84.4185
84.6628
84.8347
84.8347
84.8166
84.7749
84.0311
84.0311
84.6637
84.4989
84.5644
84.0311
84.0311
84.0311
84.0311
84.0311
84.1275
84.6444
84.0311
84.3517
84.1547
84.1547
84.1547
84.1547
84.0311
84.2281
83.5113
83.6349
83.5113
83.9611
84.0871
84.0871
84.2107
84.0214
83.5113
84.0308
84.0665
84.0665
83.9611
83.9611
84.0214
84.0214
83.9762
83.9161
83.9161
83.9161
83.9161
83.9161
83.9161
83.9161
83.7513
83.7513
83.7513
83.7513
83.7513
83.6349
83.7513
83.7513
83.7513
83.5532
83.7513
83.7513
83.6972
83.6972
83.6972
83.6972
83.7513
83.7513
83.7513
83.7513
83.7513
83.7513
83.7513
83.7513
83.5184
83.5184
82.6575
82.6575
82.3194
82.3194
82.3194
82.3194
82.3194
82.325
82.325
82.325
82.325
82.325
81.9621
82.325
82.325
82.325
82.2732
82.325
82.325
82.257
82.2677
82.2677
82.2677
81.9923
82.2583
82.2677
82.1636
82.1636
82.1636
82.1636
82.1636
82.0657
82.0657
82.0657
82.0657
82.0029
82.0657
82.0657
82.0338
82.0338
82.0602
82.0338
81.3683
81.6019
81.5391
81.5964
81.5964
81.5964
81.5446
81.5446
81.5964
81.5964
81.5964
81.5964
82.1903
82.133
82.01
82.1232
81.7643
81.7643
81.6785
82.133
82.1903
82.0653
81.8152
82.0843
82.0843
81.9621
81.9676
82.1269
82.1636
82.1636
82.1636
82.0422
82.1385
82.1385
81.9974
81.9974
82.0547
82.0547
82.0547
81.9974
81.9974
82.0547
82.0547
82.0547
82.0547
81.9974
81.9974
81.9974
81.5964
81.5964
82.0029
81.9974
81.9974
81.8216
81.8216
81.8216
81.7643
81.7643
81.8216
81.8216
81.7643
81.494
81.494
81.494
81.7643
81.7698
81.7698
81.6165
81.4995
81.7643
81.4995
81.4995
81.4995
81.494
81.494
81.494
81.4995
81.4995
81.5514
81.4995
81.494
81.494
81.494
81.494
81.494
81.494
81.494
81.494
81.494
81.494
81.494
81.494
81.494
81.494
80.2464
81.3455
81.3496
81.494
81.3496
81.3496
81.2977
81.2977
81.2977
81.2977
81.2977
81.2922
81.2922
81.2922
81.2977
81.2922
81.2922
81.2922
81.1939
81.2922
81.2922
81.2922
81.2922
81.2922
81.0931
81.0931
81.0357
81.0357
81.0412
81.0412
80.8339
80.8339
80.7655
80.7655
80.7709
80.7655
80.7655
80.2783
80.2783
80.221
79.9852
79.9797
79.9797
79.9225
79.9797
79.9797
76.5194
76.3903
76.3903
76.333
76.2017
74.6035
74.6035
74.6035
74.598
74.598
74.598
74.5441
74.5441
74.5441
74.5441
74.5441
74.5441
74.0634
74.0634
74.0634
74.0634
74.0634
74.0634
74.0061
74.004
73.9467
73.9467
73.9522
74.0061
74.0061
74.3672
74.4869
74.4869
74.4869
74.4869
74.4869
74.4094
74.4869
74.4869
74.4869
74.4869
74.4869
74.3556
74.3556
74.3556
74.3556
74.3556
74.139
74.334
74.334
74.334
74.334
74.2984
74.2984
74.2984
74.2984
73.9467
74.2984
74.2984
74.2984
74.4869
74.4869
74.4869
74.4869
74.4869
74.0636
74.0636
74.0636
74.0636
74.0636
74.0636
74.0993
74.4869
74.4299
74.4299
74.4299
74.4723
74.4723
74.4869
74.4869
74.4869
74.4869
74.4869
74.4869
74.4869
74.4869
74.4869
74.4869
74.4869
74.4869
74.4869
74.4869
74.4869
74.4869
74.4869
74.4869
74.4869
74.4869
74.4869
74.4869
74.4869
74.4655
74.4655
74.154
74.154
74.154
74.4869
74.4869
74.4409
74.4869
74.4869
74.4869
74.4869
74.4818
74.4869
74.4869
74.4869
74.4869
74.4869
74.4869
74.4869
74.4869
74.4869
74.4301
74.4246
74.4246
74.4246
74.4082
74.4082
74.4082
74.4082
74.4082
74.4082
74.4869
74.4869
74.4136
74.4869
74.4818
74.4818
74.4818
74.4136
74.4818
74.4848
74.4869
74.4869
74.4869
74.4869
74.4869
74.4869
74.3453
74.4869
74.4869
74.4869
74.4869
74.4869
74.4869
74.4869
74.4427
74.4427
74.4869
74.4869
74.4869
74.4869
74.4869
74.4818
74.4818
73.6773
73.6773
73.6773
74.4869
74.4869
74.4869
74.4869
74.0063
74.0063
74.0063
74.4869
74.4869
74.4869
74.4869
