BEST ITALY LOSS FUNCTION
406.543
401.848
383.997
383.334
380.752
373.751
373.751
371.436
362.89
359.437
359.437
353.225
332.67
332.67
332.598
324.402
322.958
318.073
312.6
303.927
297.567
296.992
290.975
288.522
282.109
277.107
275.964
270.269
264.405
263.767
262.35
261.715
258.8
260.057
257.466
257.34
253.3
253.3
246.758
244.789
242.737
242.737
237.15
237.15
236.725
233.742
232.445
230.278
228.501
225.341
224.409
222.479
222.288
217.11
215.618
215.618
209.535
209.535
209.506
208.177
207
203.901
200.486
200.486
200.486
198.682
198.634
194.573
194.573
194.573
194.523
194.313
194.313
192.568
192.568
192.568
189.502
189.502
188.38
188.38
186.948
186.948
186.948
184.176
183.52
180.758
180.758
181.064
179.119
178.651
176.135
176.316
176.316
176.255
175
174.771
174.771
173.196
173.196
171.643
171.054
171.054
170.402
169.571
168.495
169.465
166.063
166.063
166.049
165.123
165.466
164.477
161.86
161.86
161.243
161.86
161.347
160.157
160.157
159.55
158.222
158.822
157.828
158.822
156.872
156.872
156.872
156.872
156.359
156.211
155.318
154.52
154.52
151.675
152.089
152.089
152.089
150.37
150.37
150.37
148.295
148.295
147.241
146.443
146.492
145.654
144.064
142.648
142.648
142.49
141.578
142.303
142.303
140.418
141.17
140.363
140.363
140.363
139.126
139.126
137.474
137.474
137.474
137.474
137.571
136.691
136.394
136.394
133.683
132.901
132.901
132.119
132.119
130.899
130.899
129.855
129.424
129.221
129.113
128.515
126.709
126.709
126.709
125.926
125.926
125.926
125.498
125.498
124.716
124.716
124.621
124.185
123.402
123.402
123.402
123.348
122.035
121.252
121.332
121.252
120.822
120.822
120.549
120.236
120.236
119.934
119.934
119.95
119.95
119.467
119.467
119.169
118.614
118.614
117.919
117.096
117.899
117.899
117.342
117.342
117.342
116.426
116.2
115.857
115.857
115.99
115.524
114.502
114.502
114.502
113.36
113.36
113.36
113.36
113.36
112.643
113.36
113.309
112.864
112.684
112.808
112.451
112.262
112.009
112.009
111.862
112.009
111.411
110.635
110.47
110.15
110.47
110.47
110.457
110.414
110.204
109.899
109.727
109.021
109.021
108.757
109.021
108.756
108.756
108.757
108.756
108.756
108.756
108.756
108.756
108.675
108.438
108.179
108.178
108.055
108.178
108.178
108.179
107.749
107.749
107.925
107.559
107.605
107.605
107.239
106.213
105.877
106.928
106.928
106.928
106.928
106.694
106.694
106.694
106.609
106.343
106.034
106.034
106.033
105.605
105.356
105.668
105.668
105.668
104.891
104.891
104.891
104.891
104.806
104.806
104.666
104.647
104.579
104.579
104.579
103.967
103.967
103.881
103.967
104.277
103.88
104.192
104.192
104.107
104.107
104.107
103.881
104.011
103.881
103.881
103.678
103.498
103.498
103.864
103.51
103.51
103.51
103.51
103.51
103.51
103.51
103.124
103.187
103.265
102.886
103.089
102.784
102.784
102.784
102.784
102.784
102.781
102.522
102.499
102.654
102.609
102.609
102.784
102.609
102.609
93.0235
93.0235
93.0235
93.0235
93.0235
93.0235
92.5342
92.3345
92.3345
92.3345
92.3345
92.3345
92.1332
92.3345
91.948
92.3345
92.1052
92.1601
92.1601
92.1052
92.1052
91.935
91.935
91.935
91.7701
91.7701
91.935
91.935
91.935
92.1052
91.935
91.935
91.6908
91.3755
90.9325
91.3755
91.3755
91.3755
91.3755
91.3755
91.2616
91.1477
90.9271
90.9271
90.2089
90.2089
90.2089
89.3883
89.3883
89.3883
89.3883
89.0475
89.0475
89.0475
88.8451
88.831
88.831
88.8451
88.4162
88.4162
88.4162
88.2865
88.4162
88.2336
88.2183
88.2183
88.1067
88.1067
88.1067
87.6173
87.6173
85.9539
86.2781
85.9539
85.9293
85.9293
85.9539
85.0197
85.1237
85.1237
84.9213
84.6005
83.9912
84.0016
83.6961
83.6961
82.9957
83.1557
82.9063
82.3083
82.3351
82.1422
82.1422
82.1422
82.3351
81.7155
81.8336
81.8068
81.7083
81.2068
81.2068
81.2068
81.2068
81.2068
80.6141
81.1156
81.2068
81.2068
81.2068
81.2068
80.9788
81.2068
80.6141
80.6141
80.6141
80.6141
80.6141
80.6141
80.6141
80.6141
80.6141
80.5386
80.6141
80.6141
80.6141
80.3848
80.3848
80.6141
80.4547
80.4547
80.4547
80.4547
80.4547
80.4547
80.4547
80.5386
80.3975
80.5386
80.3221
80.3221
80.3221
80.3221
80.3975
80.3975
80.3975
80.3975
80.1257
80.1257
79.5554
80.1257
80.2602
80.3975
80.2
80.2
80.2
80.2
79.9115
79.9413
79.9413
79.0186
79.4244
79.4327
79.4327
79.4327
79.4327
79.4327
79.4327
79.4327
79.4327
79.288
79.288
79.288
79.0186
79.1619
79.4017
79.0186
79.0186
79.0186
79.0186
79.0186
79.0186
79.0186
79.0186
79.0186
79.0186
79.0186
79.0186
79.0186
78.9877
78.9877
78.9877
78.9877
78.9877
78.9877
78.9877
78.9877
79.0186
78.9877
78.9877
79.0186
78.9444
78.9268
78.9268
78.9268
78.9268
78.9268
78.7403
78.9268
79.0186
79.0186
79.0186
79.0186
78.9444
78.9444
78.9444
78.9444
79.0186
79.0186
79.0186
79.0186
79.0186
79.0186
79.0186
79.0186
79.0186
79.0186
79.0186
79.0186
79.0186
78.8538
79.0186
78.8538
78.8538
78.8538
78.8538
78.8538
78.8538
78.8538
78.7959
78.7959
78.7959
78.7959
78.7959
78.9991
78.8538
78.8538
78.8538
78.9991
78.9991
78.6852
78.6852
78.6852
78.6852
78.6852
78.8021
78.5127
78.6852
78.6852
78.6399
78.9268
78.6852
78.6852
78.9496
78.5127
78.5127
78.5127
78.5127
78.5127
78.5127
78.5127
77.4703
77.4703
77.4703
77.4703
77.4703
77.4703
77.0564
77.0564
77.0564
77.0564
77.0564
77.0564
77.0564
77.0564
76.8916
77.0564
76.5505
76.9292
76.8916
76.8916
76.8916
76.8916
76.9292
76.5505
76.5505
76.5505
76.5505
76.5505
76.3856
76.5505
76.5505
76.5505
76.5505
76.5505
76.5505
76.5505
76.5505
76.5505
76.3856
76.3856
76.3856
76.3856
76.3212
76.3212
76.3212
76.3212
76.3212
76.3212
76.3212
76.3212
76.3856
76.3856
76.3212
76.3212
76.3212
76.3212
76.3212
76.3212
76.1564
76.1564
76.1564
75.7527
75.7527
75.7527
75.7527
75.7527
75.7527
75.7527
75.7527
75.7527
75.7527
75.7527
75.7527
75.7527
75.6883
75.7527
75.7527
75.7527
75.7527
75.7527
75.5869
75.5869
75.7527
75.6883
75.7527
75.7527
75.7527
75.7527
75.7527
75.6883
75.7078
75.5235
75.5235
75.6235
75.5235
75.6235
75.5235
75.5235
75.5235
75.5235
75.3942
75.5235
75.5097
75.5235
75.5235
75.5235
75.5152
75.5097
75.4786
75.5235
75.5235
75.5235
75.5235
75.5235
74.8967
75.5235
75.5235
75.484
75.484
75.5235
75.5235
75.5235
75.5235
75.3856
75.2208
75.5235
75.4786
75.5235
75.4786
75.4786
75.4786
75.5235
75.5235
75.484
75.5235
75.5235
75.5235
75.5235
75.5235
75.5235
75.5235
75.5235
75.5235
75.5235
75.5235
75.5235
75.5235
75.5235
75.5235
75.5235
75.5235
75.5235
75.5235
75.5235
75.2793
75.2793
75.5235
75.5235
75.5235
75.5235
75.5235
75.5235
75.5235
75.5235
75.2208
75.2208
75.2208
75.2208
75.2208
75.2208
75.2208
75.2208
75.2263
75.5235
75.5235
75.5235
75.5235
75.484
75.484
75.484
75.1738
75.1738
75.1793
75.1793
75.1793
75.1793
75.5235
75.5235
75.5235
75.484
75.5235
75.5235
75.0983
75.0983
75.0928
75.0928
75.0928
75.0983
75.0983
75.0983
75.0928
75.0983
75.0928
75.0928
75.0928
75.0928
75.0928
75.0928
75.0928
75.0928
75.0928
75.0928
75.0928
75.0928
75.0928
75.0928
75.0928
75.0928
75.0928
75.0928
75.0928
75.0928
75.0928
75.0928
75.0928
75.0618
75.0618
74.9551
75.0928
75.0928
74.7649
74.7649
74.7594
74.7594
74.7649
74.7594
74.7594
74.7594
74.7594
74.7594
74.7649
74.7649
74.7594
74.7594
74.7594
74.7594
74.7594
74.7594
74.7594
74.7594
74.7594
74.7594
74.7594
74.7594
74.7594
74.7594
74.7594
74.7594
74.7594
74.7594
74.7594
74.7594
74.5337
74.2444
74.5337
74.5337
74.5337
74.5282
74.5282
74.5282
