BEST LOSS FUNCTION
28.4324
28.4324
27.41
27.41
27.289
27.289
27.289
27.289
28.0875
28.2671
28.4324
26.4339
28.1292
27.9193
28.4324
27.7495
27.7495
27.7495
27.7495
28.1833
28.4324
27.2226
26.8952
27.5154
27.3793
27.3793
27.5154
28.4324
28.1155
28.2407
28.4324
28.4324
28.3513
27.2682
26.8799
26.8799
26.8799
26.8418
27.1752
24.4679
24.4679
24.4679
24.4679
24.2942
24.4679
24.3023
23.8126
23.8126
23.8126
23.8126
23.484
24.0922
24.0922
24.0922
24.0922
24.3545
24.0111
23.9432
23.9432
23.3863
23.4576
23.4576
23.4576
23.2124
23.2124
23.2124
23.0836
22.8461
22.6629
21.6309
22.0611
22.0414
22.0414
20.7485
20.7485
20.7485
20.6579
20.1738
20.1738
19.2284
19.7482
19.7482
20.2929
20.2929
20.0595
19.8767
20.0249
20.0563
20.0249
20.0249
19.5739
19.5739
18.4971
18.4971
18.4971
18.849
18.849
18.849
18.8145
18.7032
18.5817
18.4611
18.4978
17.7184
17.7184
18.2597
17.9524
17.9524
17.8052
17.5825
17.4598
17.4711
17.2516
17.1058
17.3731
17.2653
16.2152
16.2382
16.2152
16.2152
16.1269
16.1269
16.1269
16.1269
16.1269
15.9813
15.9322
15.9322
16.0924
15.565
15.565
15.3731
15.565
15.6764
15.6534
15.6534
15.6534
15.2247
15.2247
15.1364
15.2247
15.2247
15.1692
14.9551
15.1692
14.9551
14.9266
14.8152
14.8152
14.8152
14.5997
14.5997
14.5997
14.7755
14.8152
14.7025
14.8152
14.8152
14.8152
14.2024
14.2024
14.2024
14.2024
14.2024
14.5629
14.5629
14.5629
14.5629
14.5629
14.5629
14.5629
14.5629
14.5629
14.5629
14.5629
14.3438
14.3254
14.3438
14.3438
14.3438
14.3438
14.2124
14.2124
14.232
14.232
14.232
14.232
14.2124
14.232
14.232
14.232
14.232
14.232
14.232
14.232
14.232
14.1894
14.1894
14.2124
13.5494
13.5494
13.5494
14.232
14.2124
13.7606
13.7606
13.7606
13.7606
13.7606
13.7606
13.7606
13.7606
13.7606
13.7606
13.7606
13.7606
13.7606
13.7606
13.7606
13.7606
13.7606
13.7606
13.4878
13.4878
13.4878
13.4878
13.4878
13.4878
13.4878
13.4878
13.4878
13.4878
13.4878
13.4878
13.4878
13.4878
13.4878
12.8106
12.8106
12.8106
12.8106
12.8106
12.8106
12.8106
12.8106
12.8106
12.8106
12.6639
12.8106
12.8097
12.6639
12.6639
12.5612
12.2141
12.2141
12.2141
12.2141
12.2141
12.2141
12.2141
11.3918
11.3918
11.3918
11.3918
11.3918
10.7953
10.7953
10.7953
10.7953
10.7953
10.7953
10.7953
10.7953
10.7953
10.7953
10.7953
10.7953
10.7953
10.7953
10.7953
10.7953
10.7953
10.7953
10.7945
10.7953
10.7953
10.7953
10.7953
10.7953
10.7953
10.7953
10.7953
10.7953
10.7953
10.7953
10.7953
10.7857
10.7953
10.7953
10.7953
10.7953
