BEST LOSS FUNCTION
28.4324
28.4324
27.1969
27.1969
27.8062
28.2274
28.2274
28.4324
28.4324
28.4324
28.4324
28.4324
28.4324
27.7868
28.4324
28.3273
28.4324
28.1864
27.3032
25.6976
25.9426
24.6768
24.4527
24.4527
24.851
24.0386
24.0686
24.2437
24.2437
24.4485
24.4485
24.4485
24.4485
24.4485
24.2283
23.046
23.046
23.046
22.8414
16.6772
16.6772
16.4117
16.4117
16.6772
16.5391
16.5391
16.5391
16.6021
16.6021
16.6021
16.473
15.8618
15.8618
15.8618
15.8618
15.8618
15.8618
15.8618
15.8618
15.7888
15.7888
15.1559
15.7888
15.7888
15.7888
15.7888
15.8618
15.8618
15.8085
15.8085
15.8618
15.8618
15.8618
15.6953
15.8618
15.8618
15.8618
15.8618
15.8085
15.8618
15.8618
15.8618
15.8459
15.8459
15.7023
15.7023
15.7023
15.6784
15.5328
15.5328
15.5328
15.5328
15.5328
15.5328
15.5328
15.5328
15.4617
14.5229
15.4641
15.4641
15.4641
15.5328
15.5328
15.5328
15.5328
15.5328
15.5328
15.5328
15.3621
15.5328
15.0726
15.0726
15.5328
15.5328
15.5328
14.9894
15.1327
15.5328
15.5328
15.5328
15.5328
15.5328
15.5328
15.5328
15.4598
15.5328
15.5328
15.4457
15.4457
15.4457
15.4457
15.5328
15.5328
15.5328
14.7856
14.7856
14.7856
15.5328
15.5328
15.5328
15.5328
15.5284
15.5284
15.5284
15.4866
15.4866
15.4597
15.4554
15.4554
15.4554
14.7812
14.7812
14.7812
14.7812
14.7812
14.7812
14.7812
14.7082
14.7082
13.3386
13.3386
13.3386
13.3386
13.3386
13.3386
13.316
13.3386
13.3386
13.3386
13.3386
13.3342
13.3342
13.3342
13.3342
13.3342
13.3342
13.3342
13.3342
13.3342
13.3342
13.3342
13.3342
13.3342
13.3342
13.3386
13.3386
13.3386
13.2265
13.3386
13.3386
13.3386
13.3386
13.3386
13.3342
13.3386
13.3386
13.3386
13.1438
13.1438
13.2664
13.1105
13.1105
13.3386
13.3386
13.3386
13.3386
13.3386
13.3017
13.3386
13.1672
13.1672
13.3386
13.3386
13.3386
13.3386
13.3386
13.3386
13.3386
13.3386
13.3386
13.3342
13.3386
13.2265
13.3342
13.3386
13.3386
13.3386
13.3386
13.3386
13.3386
13.3386
13.3386
13.3386
13.3386
13.3386
13.3386
13.319
13.2209
13.2209
12.8557
13.2209
13.2209
13.2209
13.2209
13.2209
13.2209
13.2929
13.2581
13.2929
13.2929
13.2929
13.2929
13.2929
13.2929
13.2929
13.2929
13.2929
13.3386
13.3386
13.3386
13.3386
13.3386
13.3342
13.3196
13.1865
13.3196
13.3196
13.3196
13.3386
13.3196
13.3386
13.3386
13.3386
13.3386
13.3386
13.3386
13.3386
13.3386
13.3386
12.7849
13.3386
13.0464
13.3386
13.3386
13.2106
13.3386
13.3386
13.3386
13.3386
13.3386
13.3386
13.3386
13.1898
13.1898
13.336
13.3342
13.3071
13.3071
13.3342
13.3342
13.3342
