BEST LOSS FUNCTION
28.4324
27.5825
28.2903
26.2879
27.0278
26.5634
26.5634
26.5634
26.5634
26.5634
26.5634
26.5634
27.5114
27.5114
27.1248
28.265
28.4324
27.8596
25.084
25.084
24.7047
26.4466
27.0811
27.5932
27.3024
27.0117
26.002
25.7518
28.4324
28.4324
26.9767
26.9767
26.9767
26.9767
26.1187
25.5806
25.5806
25.5806
24.4679
25.4437
25.3368
24.4647
25.0005
25.2592
24.9223
24.5624
23.964
24.5624
24.6965
24.9046
25.2147
23.8927
23.5914
23.7457
22.6864
22.6864
22.5963
22.5421
22.0276
22.0276
22.0276
22.0276
22.0276
21.4356
21.4356
21.4356
21.4356
20.5184
20.5061
20.166
20.166
19.7747
19.7747
19.5395
19.5395
19.5395
19.5395
19.2284
19.2284
19.2284
19.2284
19.2284
19.2284
19.2284
18.9087
18.8802
18.8802
18.2069
17.9929
17.9929
17.9929
17.9929
17.9929
17.9929
17.9929
17.291
17.291
17.1492
17.1492
17.291
17.4327
17.291
17.1492
17.1492
17.291
17.2079
17.291
17.291
17.291
17.4327
17.4327
17.3388
17.4327
17.3746
17.2189
17.4152
17.164
17.0806
16.7845
16.1269
16.9823
16.8425
16.9221
16.9221
16.9586
16.7424
16.1035
16.1035
16.1035
16.1035
15.7506
15.4402
15.5417
15.1829
15.1715
14.6503
14.6503
14.6389
14.6389
14.6389
14.6503
14.6503
14.6503
14.6503
14.3962
14.3962
14.3962
14.6503
14.4639
14.4639
14.4639
14.4639
14.3962
14.3174
14.4558
14.3962
14.3176
14.3176
14.3736
14.3407
14.3407
14.3176
14.3102
14.2098
14.2409
14.2409
14.2409
14.2409
14.2409
14.2409
14.2409
14.2409
13.8036
13.8036
13.8036
13.8036
13.8036
13.8036
13.6988
13.5494
13.5494
13.7328
13.5494
13.5494
13.5494
13.4446
13.4446
13.5494
13.5494
13.4446
13.4446
13.5494
13.5494
13.5494
13.5494
13.5494
13.5494
13.5494
13.5494
13.5494
13.4376
13.3476
13.3476
13.4376
13.4376
13.4376
13.4376
13.4376
13.4376
13.4376
13.4376
13.2978
13.2978
13.2978
13.4095
13.4095
13.2978
13.1434
13.4388
13.4388
13.3944
13.3944
13.3944
13.3203
13.3944
13.3944
13.3944
13.3944
13.2826
13.2826
13.2826
13.2826
13.2826
13.2826
13.2826
13.2826
13.2826
13.2826
13.2826
12.791
13.2826
13.2826
13.2826
13.2826
13.2826
13.2826
13.2826
13.2826
13.2826
13.2826
13.2826
13.2826
13.2826
13.2618
13.2826
13.0497
13.2826
13.2826
13.2826
13.2826
13.1139
13.2826
12.9914
13.1067
13.2618
13.2826
13.2826
13.2719
13.2826
13.2826
13.2826
13.2826
13.2486
13.2826
13.2783
13.2598
13.2826
13.2826
13.09
10.7953
11.6904
11.6846
11.4298
11.6769
11.6365
11.6365
11.5865
11.5865
11.424
11.4298
11.424
11.424
11.424
11.424
11.424
11.424
11.424
11.424
11.3748
11.3748
11.3748
