BEST LOSS FUNCTION
29.4304
29.6692
28.9919
27.8663
29.6692
29.6692
28.1055
29.1193
29.6692
29.6692
29.6692
29.6692
29.6692
28.7969
28.7969
27.302
27.302
26.4245
27.302
27.9807
26.2729
25.3867
25.3867
25.3867
24.3158
24.3158
24.3158
24.3158
24.3158
24.3158
23.1818
22.5801
22.5801
22.5801
22.5801
22.5801
22.5373
22.5373
22.5931
21.4834
21.5291
21.5485
21.5291
21.5291
21.1693
21.2487
21.2487
21.2487
21.1724
20.5615
20.5615
20.5615
20.5615
20.564
20.564
20.564
19.5338
20.4871
20.4871
20.1147
20.1147
20.0185
20.0663
19.9895
19.9895
19.8781
19.7874
19.6736
19.6736
19.5968
19.7874
19.7105
19.7198
19.416
19.3397
19.2709
19.1667
18.904
18.8272
15.8575
15.8575
15.8575
15.8575
15.0271
15.572
15.0271
15.0271
14.7195
15.0271
15.0271
14.1816
14.1816
14.1816
14.1816
14.1816
14.1816
14.1816
14.1816
14.1816
14.1254
14.1254
14.1254
14.1816
14.1816
14.1816
14.1816
14.0459
14.1816
14.1816
14.1816
14.1816
14.0459
14.0459
13.9961
13.9961
13.9961
13.9961
13.7214
13.7214
13.9961
13.8289
13.8289
13.8289
13.8289
13.8289
13.8289
13.8289
13.8289
13.8289
13.8289
13.8289
13.8289
13.8289
13.8289
13.8289
13.7168
13.7168
13.7168
13.6664
13.6664
13.6664
13.3687
13.3687
13.3687
13.3687
13.3687
13.3687
13.3687
13.3687
13.3687
13.3687
13.3687
13.3687
13.3687
13.3687
13.3687
13.3687
13.3687
13.341
13.3687
13.2509
13.2509
13.3679
13.3679
13.3015
13.2509
13.3679
13.3687
13.3687
13.3687
13.3687
13.3687
13.3687
13.3687
13.3128
13.3128
13.3128
13.2566
13.2566
13.3128
13.3128
13.3128
13.3128
13.3128
13.3128
13.3128
13.3128
13.3128
13.3128
13.3128
13.3432
13.3172
13.3128
13.3128
13.3432
13.3432
13.341
13.341
13.341
13.3386
13.341
13.341
12.9729
13.2461
13.2271
13.2271
13.1783
13.1783
13.1783
13.1783
13.1783
13.1783
13.1783
13.1686
13.2241
13.1926
13.2241
13.2919
13.2919
13.2919
13.2919
13.2919
13.2919
13.2919
13.2919
13.2919
13.2919
13.2919
13.2155
13.1448
13.1448
13.1351
13.2919
13.2919
13.2919
13.1686
13.1686
13.2919
13.2919
13.2209
13.2919
13.2919
13.2919
13.2919
13.2919
13.2919
13.2919
13.2373
13.2373
13.2373
13.2373
13.2373
13.1804
13.1804
13.1804
13.2373
13.2373
13.2373
13.2373
13.2373
13.1857
13.2373
12.9149
12.9149
12.8793
12.8793
12.8793
12.8793
12.8793
12.8793
12.8793
12.8793
12.8793
12.8247
12.8247
12.8247
12.8247
12.8239
12.8247
12.7956
12.7956
12.7956
12.7956
12.7924
12.7924
12.7924
12.7924
12.7924
12.7924
12.7924
12.7924
12.7924
12.7924
12.7924
12.7078
12.7078
12.7924
12.7924
12.7688
12.7688
12.7688
