BEST LOSS FUNCTION MEAN and DV_STD
34.2281 1.47862
32.3597 1.11237
31.6519 1.09355
30.7206 0.990403
29.608 1.13828
27.9387 0.911582
27.1433 0.273419
27.0833 0.39724
26.9735 0.504718
26.8607 0.543459
26.5386 0.700145
25.6914 0.710543
25.0237 0.694445
23.9652 1.06032
22.188 0.762648
21.5683 0.141874
21.5501 0.114746
21.5348 0.129106
21.4925 0.151111
21.4534 0.153792
21.378 0.182879
21.3233 0.215798
21.1994 0.392705
20.9683 0.516054
20.5985 0.648877
19.8241 0.551431
19.4665 0.193187
19.3589 0.210677
19.3 0.232036
19.2261 0.231356
19.16 0.184072
19.1363 0.208311
19.0882 0.223599
18.9409 0.332687
18.7959 0.354424
18.5385 0.212894
18.4059 0.270723
18.1605 0.58354
17.5407 0.828711
16.7226 0.292515
16.5662 0.140973
16.5555 0.129022
16.5083 0.153039
16.495 0.124752
16.4928 0.122809
16.4592 0.127945
16.4499 0.0952084
16.402 0.106697
16.4383 0.105846
16.3968 0.0759062
16.3707 0.0674029
16.3701 0.0748672
16.348 0.0602938
16.3247 0.0715284
16.3197 0.0747954
16.3302 0.0616436
16.3217 0.0674775
16.3177 0.0711667
16.2908 0.0814748
16.2872 0.0827681
16.2953 0.0992673
16.2876 0.0982035
16.2845 0.0727751
16.2407 0.0644373
16.2192 0.145429
16.2126 0.148796
16.2232 0.060809
16.1688 0.168908
16.1001 0.274605
15.8811 0.481199
15.3619 0.466536
15.0774 0.0750301
15.045 0.0327777
15.0363 0.0736197
15.0424 0.0317773
15.0442 0.0316245
15.0226 0.179168
14.9969 0.249308
14.9305 0.371258
14.7316 0.548449
14.2919 0.615958
13.7887 0.0132388
13.7848 0.019124
13.7832 0.0242779
13.7755 0.0302136
13.779 0.0282293
13.7711 0.0469214
13.7612 0.0556613
13.736 0.0873387
13.6989 0.119522
13.6602 0.142649
13.6515 0.14831
13.283 0.802468
11.6618 0.64406
11.3458 0.115411
11.3198 0.114507
11.2641 0.110199
11.2018 0.0756975
11.1799 0.0951244
11.1711 0.112991
11.1637 0.11718
11.1282 0.166403
10.9918 0.237927
10.8984 0.225062
10.7099 0.0976087
10.665 0.0027163
10.6636 0.00480978
10.6631 0.00532544
10.6628 0.00553803
10.6639 0.00450011
10.663 0.00531937
10.6615 0.00658292
10.6622 0.00592004
10.6602 0.00690581
10.6602 0.00735217
10.6539 0.0440514
10.6526 0.0441751
10.6589 0.0103568
10.6614 0.00782995
10.6595 0.00889022
10.6608 0.00775986
10.6612 0.00675628
10.6619 0.00620683
10.66 0.00679075
10.6603 0.00672822
10.6611 0.00646609
10.6581 0.0217458
10.6606 0.00665355
10.6592 0.00690857
10.6589 0.00692524
10.6581 0.00690857
10.6447 0.0823165
10.6551 0.00904687
10.6566 0.00965301
10.6568 0.00770243
10.657 0.00787464
10.6576 0.00785841
10.6468 0.0449905
10.6248 0.164939
10.5338 0.334551
10.5195 0.339201
10.3596 0.46814
9.84925 0.465037
9.55471 0.00062123
9.55468 0.00063765
9.54835 0.0441285
9.54222 0.0617798
9.52546 0.0894869
9.52973 0.0855271
9.52914 0.0867073
9.52847 0.0865678
9.49134 0.126571
9.39734 0.157772
9.32137 0.138359
9.23982 0.00646876
9.24052 0.00573395
9.23968 0.00648882
9.23933 0.00679031
9.23947 0.00677899
9.23703 0.00823097
9.23789 0.00769702
9.23355 0.021837
9.21697 0.147789
9.20129 0.168408
9.16617 0.260122
8.90975 0.466935
8.19364 0.00202222
8.19378 0.00178676
8.18708 0.0411093
8.17939 0.0579656
8.16756 0.0794668
8.15603 0.0949036
8.14972 0.101019
8.11012 0.131008
8.00995 0.13911
7.93094 0.0853923
7.9024 0.00244488
7.90196 0.00289047
7.90225 0.00261059
7.90166 0.00311662
7.9009 0.00350383
7.90103 0.0034313
7.90151 0.0032132
7.90023 0.00865727
7.90111 0.00339014
7.90115 0.00333283
7.90126 0.00331713
7.90021 0.00367302
7.90026 0.00363166
7.90056 0.00356101
7.90081 0.00373105
7.90086 0.00389039
7.90141 0.00347188
7.90036 0.00385296
7.89864 0.0109842
7.89682 0.0148718
7.90062 0.00361133
7.89917 0.00436323
7.89992 0.00436764
7.89252 0.0542182
7.89232 0.0540891
7.90076 0.00356399
7.90136 0.00330011
7.90076 0.00356399
7.90017 0.00371334
7.90017 0.00371334
7.89957 0.0037618
7.89972 0.00375879
7.8979 0.0108936
7.89808 0.00344775
7.89808 0.00344775
7.89868 0.00365185
7.89793 0.00337809
7.89823 0.00350874
7.89794 0.00337581
7.89853 0.0036095
7.89734 0.00300883
7.89823 0.00350874
7.89754 0.00843831
7.89754 0.00843856
7.8949 0.016374
7.8951 0.0149654
7.89751 0.00844146
7.89751 0.00844194
7.89478 0.0212721
7.89298 0.0213329
7.89466 0.010759
7.89456 0.00954499
7.89546 0.00281423
7.89606 0.00255116
7.88723 0.0610026
7.89448 0.00974688
7.89157 0.0171507
7.89295 0.0143999
7.8928 0.0151159
7.89279 0.0151151
7.89279 0.0151151
7.89142 0.017744
7.88989 0.0204364
7.88475 0.0267463
7.8785 0.045417
7.87381 0.0470362
7.86551 0.0489008
7.85335 0.0741254
7.83081 0.10248
7.77848 0.122903
7.76284 0.130931
7.751 0.12956
7.71781 0.132779
7.61431 0.123956
7.51612 0.167368
7.36156 0.248885
7.1192 0.20049
7.01753 0.0549116
6.98714 0.0899715
6.9673 0.11502
6.92736 0.145091
6.85567 0.16555
6.71669 0.09294
6.6851 0
6.6851 0
6.6851 0
6.6851 0
6.6851 0
6.6851 0
6.6851 0
6.6851 0
6.6851 0
6.6851 0
6.6851 0
6.6851 0
6.6851 0
6.68487 0.00160794
6.68396 0.00344559
6.68419 0.00311589
6.68464 0.00225065
6.68464 0.00225065
6.68464 0.00225065
6.68464 0.00225065
6.6851 0
6.68392 0.00830722
6.6851 0
6.6847 0.00281236
6.6847 0.00281236
6.6851 0
6.6851 0
6.6851 0
6.6851 0
6.6851 0
6.6851 0
6.6851 0
6.6851 0
6.6851 0
6.68509 6.47082e-05
6.68509 6.47082e-05
6.68509 6.47082e-05
6.68509 6.47082e-05
6.68509 6.47082e-05
6.68509 6.47082e-05
6.68508 9.05726e-05
6.68509 6.47082e-05
6.6847 0.00281236
6.6851 0
6.6851 0
6.6851 0
6.6847 0.00281236
6.6843 0.00393648
6.68351 0.00544981
6.68231 0.00697037
6.68192 0.00736448
6.6839 0.0047707
6.6847 0.00281236
6.6847 0.00281236
6.6851 0
6.6851 0
6.68475 0.0024703
6.6844 0.0034577
6.6833 0.00662333
6.68141 0.00836369
6.6829 0.00601186
6.68125 0.00730938
6.6816 0.007058
6.68125 0.00730938
6.68176 0.00682947
6.68188 0.00662189
6.68232 0.0061103
6.68267 0.0057413
6.6817 0.00763313
6.6809 0.00702369
6.68067 0.00706759
6.68055 0.00724149
6.68129 0.00667401
6.68024 0.00734591
6.67899 0.00752494
6.67637 0.0261494
6.67799 0.0261249
6.68127 0.00699721
6.6822 0.00634347
6.68093 0.00723449
6.6815 0.00693277
6.68238 0.00636339
6.68111 0.00760256
6.68206 0.00704449
6.6829 0.00601186
6.68182 0.00708706
6.68136 0.0075664
6.68057 0.00816593
6.68052 0.00825085
6.67793 0.0100158
6.67435 0.0103683
