BEST LOSS FUNCTION
30.9378
30.146
29.0304
26.7678
25.5453
25.1647
25.1647
24.4439
24.168
23.2743
22.8343
22.8343
22.3747
20.7858
20.6251
20.1509
20.1509
20.1509
20.115
19.2382
19.2382
19.2382
19.0815
18.5223
18.5223
18.2508
18.2508
17.8455
17.8455
17.8455
17.7906
17.8067
17.4293
17.4293
17.3906
16.83
16.83
16.83
16.83
16.8189
16.8189
16.5361
16.6848
16.6848
16.6848
13.0738
13.0738
13.0738
12.8845
12.8845
13.0738
13.0738
13.0738
13.0738
13.065
12.9502
12.9502
12.9325
12.9325
12.9325
12.9325
12.761
12.761
12.6506
12.7864
12.6506
12.6506
12.6506
12.6506
12.6506
12.6506
12.6506
12.6303
12.6303
12.6303
12.6303
12.6303
12.6303
12.6506
12.6506
12.6132
12.6506
12.6506
12.6506
12.6506
12.6316
12.6316
12.6316
12.6316
12.6316
12.6132
12.6132
12.5525
12.261
12.6132
12.4846
12.4846
12.3315
12.3315
12.5523
12.6348
12.6348
12.6348
12.3315
12.3315
12.3315
12.3315
12.3315
12.3315
12.3315
12.3315
12.3126
12.3087
12.3087
12.3087
12.3087
12.3087
12.3087
12.2306
12.2306
12.2306
12.2306
12.2306
12.2306
12.2033
12.2306
12.2306
12.2306
12.2306
12.1161
12.1161
12.1422
12.2153
12.1194
12.1194
12.1194
12.0476
12.0476
12.1194
12.1194
12.0414
12.0414
12.0185
12.0414
12.0414
12.0414
12.0185
12.0414
12.0102
12.0102
12.0102
12.0102
11.8649
11.8649
11.8649
11.8649
11.8649
11.8649
11.8649
11.8649
11.8649
11.8649
11.8649
11.8649
11.8649
11.6774
11.6774
11.6774
11.6774
11.6774
11.6774
11.6774
11.6774
11.6774
11.6774
11.6556
11.6556
11.6556
11.6556
11.6556
11.6774
11.6774
11.6774
11.6774
11.6774
11.6774
11.6774
11.7027
11.7027
11.7027
11.7027
11.7027
11.7027
11.7027
11.7027
11.7027
11.7027
11.7027
11.7027
11.7027
11.7027
11.7025
11.7027
11.7027
9.83753
9.83753
9.83753
9.83753
9.83753
9.83753
9.63701
9.63701
9.63701
9.63701
9.63701
9.63701
9.63701
9.63445
9.19459
9.19459
8.99485
8.99485
8.99485
8.99485
8.98197
8.98197
8.98197
8.98197
8.98197
8.98197
8.98197
8.98197
8.98197
8.98197
8.98197
8.98197
8.98197
8.98197
8.97307
8.97307
8.96018
8.96018
8.96018
8.97307
8.98197
8.98197
8.98197
8.98197
8.98197
8.97307
8.98197
8.98197
8.98189
8.73375
8.73375
8.73375
8.73375
8.73375
8.73375
8.73375
8.73375
8.73375
8.73375
8.73375
8.73375
8.73375
8.73375
8.73375
8.73375
8.73375
8.73375
8.73375
8.73375
8.73375
8.73375
8.73375
8.73375
8.73375
8.73375
8.73375
8.73375
8.73375
8.73375
8.71197
8.73375
8.73375
8.73375
8.73375
8.73375
8.73375
8.73375
8.71197
8.71197
8.72485
8.72485
8.73375
8.73375
8.73375
8.73375
8.73375
8.73375
8.73375
8.73375
8.73375
8.73375
8.71479
8.71479
8.71479
8.71479
8.71479
8.71197
8.73375
8.73375
8.73375
8.73375
8.73375
8.73375
8.73375
8.73375
8.73375
8.73375
8.73375
7.87171
7.87171
7.87171
7.87171
7.87171
7.87171
7.87171
7.87171
7.87171
7.87143
7.87143
7.87143
7.87143
7.87143
7.87143
7.87143
7.87143
7.85883
7.85883
7.85883
7.74606
7.74606
7.87171
7.87171
7.87171
7.87171
7.86588
7.86588
7.86588
