BEST LOSS FUNCTION MEAN and DV_STD
34.5282 1.69437
34.5433 1.59602
34.4159 1.72735
34.4128 1.81103
34.4017 1.76429
34.3495 1.83629
34.32 1.7195
34.3306 1.6109
34.4439 1.5443
34.2324 1.6129
34.2869 1.72228
34.3776 1.72511
34.2617 1.76059
34.3104 1.71369
34.3707 1.7074
34.3702 1.69322
34.2177 1.74913
34.2708 1.72732
34.0513 1.89616
33.9462 2.04425
33.9937 2.15671
33.8735 2.26417
33.5697 2.58677
33.2731 2.73249
32.7466 3.00414
32.4743 3.29243
32.6393 3.12608
32.7523 3.15246
32.6203 3.32476
32.4736 3.26789
32.4507 3.26885
32.2842 3.22308
32.3655 3.41479
32.4932 3.28792
32.3145 3.51738
31.8853 3.72048
31.7825 3.80115
31.4903 3.97606
31.4009 4.07841
31.4197 4.04214
29.9066 5.92028
27.1943 7.98061
25.7949 8.52118
25.7415 8.56332
25.6121 8.6674
25.6869 8.60605
25.8698 8.50191
25.8911 8.46394
25.7397 8.55
25.9392 8.38218
25.8707 8.44894
25.8459 8.51833
25.8272 8.49228
25.7809 8.5257
25.9101 8.51588
25.7667 8.55715
25.9046 8.50018
25.5782 8.74521
25.6099 8.71508
25.614 8.81123
25.3499 8.93989
25.3857 8.91357
25.4308 8.90769
25.3427 8.95617
25.4591 8.95778
25.276 9.00235
25.1869 9.07968
25.4191 8.93975
25.3832 8.92708
25.2072 9.06662
25.298 8.99188
25.4913 8.97375
25.3758 9.02318
25.1932 9.08342
25.453 8.93743
25.2791 9.01052
25.3559 8.95277
25.566 8.83505
25.5626 8.83275
25.4588 8.83842
25.4188 8.88241
25.3942 8.91259
25.531 8.8798
25.5005 8.81758
25.5009 8.88781
25.4092 8.94457
25.4756 8.8889
25.2565 9.03283
25.284 9.00019
25.324 8.96532
25.457 8.86682
25.578 8.74018
25.4211 8.88175
25.4734 8.83171
25.4928 8.8297
25.4744 8.94247
25.5248 8.91825
25.245 9.05477
25.4232 8.90504
25.387 8.93109
25.2374 9.04254
25.4121 8.98238
25.4759 8.98618
25.2197 9.09484
25.1983 9.09743
25.1468 9.13865
25.23 9.07186
25.2908 9.01868
25.3275 8.97801
25.2994 8.99796
25.1702 9.10911
25.3664 8.94961
25.3244 8.99156
25.3392 8.983
25.4166 8.97292
25.261 9.03406
25.241 9.07068
25.2913 9.05078
25.3397 9.03146
25.2492 9.0648
25.081 9.19618
25.3431 9.06311
25.2983 8.99998
25.3782 8.94293
25.3352 8.97343
25.2968 9.00841
25.2894 9.00489
25.3343 8.96969
25.2699 9.02681
25.2047 9.08294
25.2915 9.08093
25.3704 9.04346
25.2685 9.03573
25.243 9.04777
25.37 9.04003
25.2693 9.10796
25.157 9.12661
25.4932 9.03192
25.275 9.04009
25.1863 9.12696
25.1948 9.10679
25.2252 9.15195
25.1379 9.15764
25.144 9.15379
25.2586 9.10118
25.093 9.19389
25.3196 9.07231
25.3934 9.01206
25.1712 9.11762
25.228 9.06659
25.2797 9.02464
25.2707 9.05917
25.3392 9.06443
25.2209 9.17614
25.2406 9.15196
25.248 9.14726
25.3839 9.09804
25.1857 9.10877
25.2523 9.06514
25.3351 9.06667
25.181 9.117
25.1872 9.15069
25.1126 9.28197
25.0756 9.2562
24.9975 9.40393
24.8104 9.5278
24.7105 9.61322
24.6343 9.67877
24.53 9.78911
24.4716 9.9189
24.3476 9.95758
24.3513 9.9562
24.2884 10.0159
24.1691 10.1262
24.3393 10.0513
24.1246 10.1721
24.167 10.2331
24.1849 10.1201
24.3112 10.1292
23.9924 10.2775
24.048 10.2362
24.041 10.2468
24.0177 10.2681
23.9907 10.2846
24.0587 10.2388
24.0565 10.233
24.0548 10.2332
24.1551 10.2293
24.1675 10.235
24.0559 10.2391
24.0232 10.2624
23.967 10.3078
24.1873 10.1677
24.0872 10.2089
24.1256 10.1669
24.0818 10.2123
23.9696 10.3026
24.0889 10.1969
24.061 10.2318
24.033 10.2563
24.1623 10.1496
24.1496 10.1877
24.119 10.173
24.1047 10.2064
23.9767 10.304
23.9764 10.3037
24.0952 10.1942
24.1047 10.1816
24.1291 10.2167
23.9618 10.3146
24.029 10.2591
24.1459 10.1541
24.0368 10.2418
24.03 10.2455
24.0208 10.2619
24.1443 10.2683
23.9489 10.3381
23.9732 10.3054
24.0612 10.2262
24.0084 10.2753
24.1231 10.1693
24.2342 10.0768
24.1243 10.1719
24.0731 10.2201
24.1388 10.1488
24.1013 10.2428
24.136 10.1544
24.2553 10.0509
24.0934 10.1965
24.006 10.2722
24.0826 10.2094
24.1485 10.1419
24.1016 10.2066
24.0766 10.2143
23.9933 10.2876
23.9704 10.3044
24.2537 10.1242
24.1993 10.1138
24.196 10.1175
24.1051 10.1926
24.2605 10.19
24.1413 10.269
24.0995 10.201
24.0493 10.2409
24.0406 10.2398
24.1704 10.1313
24.1066 10.2858
24.1288 10.1733
24.0694 10.229
23.9947 10.2946
23.9577 10.3171
23.9986 10.2844
23.9688 10.3047
24.175 10.1375
24.1003 10.202
24.1162 10.1821
24.1539 10.1608
24.1406 10.1704
24.0789 10.2103
23.9989 10.2731
24.0818 10.2099
24.0196 10.263
24.0487 10.2269
24.1242 10.1777
24.1767 10.1341
24.0372 10.2438
24.1036 10.1942
24.2216 10.0861
24.2863 10.0342
24.084 10.2065
24.2034 10.1858
24.0975 10.1901
24.1225 10.1597
24.261 10.1566
24.2357 10.0707
24.3382 9.96643
24.294 10.1148
24.2011 10.0942
24.1362 10.1643
24.1494 10.1568
24.0983 10.1897
24.1807 10.1595
24.2137 10.1994
24.0192 10.2616
24.0518 10.2272
24.1303 10.1686
24.0799 10.2073
23.9926 10.2801
24.0313 10.2483
24.1321 10.169
24.061 10.2353
23.9883 10.2948
23.9777 10.2952
24.0155 10.2668
24.0898 10.2046
24.0217 10.2558
24.148 10.2542
24.0208 10.2594
24.047 10.2491
24.0677 10.2185
