BEST LOSS FUNCTION
31.0168
29.2012
29.1606
27.2474
27.2474
25.9291
25.9291
25.9291
25.4028
25.4028
24.4283
24.3414
22.2823
21.5091
20.9615
21.0771
21.2479
21.0296
21.0296
21.0858
20.8575
20.8433
19.5547
19.5547
19.1778
18.8032
18.8032
18.8032
18.4263
18.3632
18.4263
18.4263
18.3632
18.3632
18.3632
18.3632
16.6623
16.5997
16.4017
16.158
16.158
16.158
16.158
16.1417
16.1417
15.0901
16.3277
15.9504
16.158
16.158
16.158
16.158
16.158
16.158
16.158
16.1413
16.158
16.158
16.158
16.158
15.8271
15.8271
16.158
16.158
15.3505
15.3505
16.1413
15.0735
15.0568
14.9933
14.9933
14.971
14.971
14.5831
14.971
14.9877
13.7973
13.7973
13.7973
13.7338
13.7171
13.7171
13.7171
13.68
13.68
13.68
13.4961
13.4786
13.4786
13.2841
13.1909
11.4501
11.2084
11.2084
11.2084
11.2084
10.9261
10.9261
10.9261
10.6655
10.6655
10.6655
10.6655
10.6655
10.6518
10.6518
10.6518
10.6518
10.6518
10.6518
10.6518
10.6437
10.6518
10.6465
10.6465
10.3533
10.3533
10.6327
10.6327
10.6327
10.6327
10.6465
10.6486
10.6518
10.6518
10.6518
10.5142
10.6518
10.6518
10.6518
10.6518
10.078
10.6103
10.6103
10.6327
10.6327
10.6327
9.55479
9.55479
9.55479
9.55479
9.55479
9.55479
9.5504
9.5504
9.24262
9.24262
9.24262
9.24262
9.22515
9.22515
9.22515
9.22515
9.22515
9.22515
9.22515
9.22515
9.22515
9.22515
9.22515
9.22515
9.0935
8.19423
8.19423
8.19423
8.18678
8.18678
8.18678
7.9033
7.9033
7.9033
7.9033
7.9033
7.89585
7.89585
7.89585
7.89585
7.89585
7.89585
7.89585
7.89585
7.89585
7.89585
7.89585
7.89585
7.89585
7.89585
7.89585
7.89585
7.89585
7.89068
7.89068
7.89068
7.89068
7.82694
7.82694
7.89585
7.88341
7.88341
7.51838
7.51838
7.89585
7.89585
7.89585
7.89585
7.89585
7.89585
7.89585
7.82694
7.89585
7.89585
7.89585
7.89585
7.89585
7.89585
7.89585
7.89585
7.89585
7.84456
7.84456
7.82694
7.82694
7.84456
7.84456
7.75946
7.75946
7.83711
7.83711
7.87596
7.4645
7.4645
7.82694
7.81949
7.81949
7.81949
7.81949
7.81949
7.81949
7.81949
7.81949
7.62359
7.62359
7.62359
7.54723
7.54723
7.54723
7.54723
7.54723
7.54723
7.0134
7.0134
7.0134
6.6851
6.6851
6.6851
6.6851
6.6851
6.6851
6.6851
6.6851
6.6851
6.6851
6.6851
6.6851
6.6851
6.6851
6.6851
6.6851
6.6851
6.6851
6.6851
6.6851
6.67373
6.67373
6.67373
6.67373
6.67373
6.67373
6.67373
6.6851
6.62636
6.6851
6.66521
6.66521
6.6851
6.6851
6.6851
6.6851
6.6851
6.6851
6.6851
6.6851
6.6851
6.68464
6.68464
6.68464
6.68464
6.68464
6.68464
6.68464
6.68464
6.66521
6.6851
6.6851
6.6851
6.66521
6.66521
6.66521
6.66521
6.66521
6.66521
6.66521
6.66521
6.6851
6.6851
6.66763
6.66763
6.64774
6.64774
6.66521
6.66763
6.66763
6.66763
6.66763
6.66763
6.66763
6.66763
6.64774
6.66521
6.66521
6.66521
6.66763
6.66763
6.66763
6.50242
6.50242
6.66763
6.66763
6.66763
6.66763
6.66521
6.66521
6.66521
6.66521
6.66521
6.66521
6.66521
6.66521
6.64774
6.64774
6.64774
