BEST LOSS FUNCTION MEAN and DV_STD
35.4397 2.01314
32.7848 1.13875
31.3938 1.16024
29.9385 0.763952
29.4517 0.761523
28.6411 1.31212
26.8555 1.45751
25.5629 0.104951
25.5371 0.0617495
25.5221 0.211017
25.4171 0.410084
25.2055 0.613309
25.3268 0.651944
25.118 0.824573
24.4118 0.636547
23.9528 0.278063
23.8415 0.232041
23.756 0.224073
23.624 0.321489
23.4767 0.415427
23.354 0.486017
23.0005 0.590408
22.7202 0.642611
22.1023 0.89599
20.3114 0.837147
19.4991 0.548391
18.8896 0.421693
18.505 0.387541
18.2439 0.514869
17.865 0.62292
17.196 0.488233
16.824 0.337779
16.4583 0.538838
15.8902 0.605635
14.9814 0.473867
14.5158 0.424223
14.1638 0.254398
14.006 0.179544
13.8874 0.190557
13.7944 0.105897
13.7496 0.0624927
13.7474 0.0305421
13.7384 0.0717594
13.7152 0.114427
13.7005 0.141893
13.6714 0.173588
13.665 0.167473
13.6115 0.196228
13.5496 0.220401
13.492 0.220937
13.4338 0.205734
13.3532 0.164832
13.2889 0.105626
13.2472 0.0799545
13.2074 0.0867386
13.1841 0.0924334
13.1625 0.0956466
13.1404 0.0848044
13.0879 0.0482052
13.086 0.0470499
13.0634 0.030507
13.0614 0.0330753
13.0554 0.0390491
13.0554 0.0390599
13.0438 0.0463388
13.0317 0.050018
13.0118 0.0687802
12.9962 0.0799034
12.9632 0.12217
12.9294 0.119358
12.9074 0.124688
12.9043 0.115412
12.8499 0.133242
12.8281 0.136011
12.8023 0.132215
12.7823 0.127377
12.7027 0.0390663
12.6967 0.0330287
12.6842 6.3859e-05
12.6845 0.00148791
12.6842 9.30949e-05
12.6842 0.000105025
12.6842 0.000122351
12.6836 0.00387135
12.6831 0.00541726
12.684 0.000879948
12.684 0.000879557
12.6817 0.0174735
12.6811 0.0202444
12.6809 0.0202608
12.6836 0.00233304
12.6836 0.00235203
12.6751 0.0598023
12.678 0.0392205
12.6776 0.0392052
12.6727 0.0548744
12.6725 0.0548538
12.6782 0.039229
12.6667 0.0664166
12.6532 0.0833278
12.6552 0.083727
12.6172 0.117294
12.6226 0.114041
12.5921 0.132004
12.5244 0.139606
12.4788 0.123491
12.4256 0.0743906
12.402 0.00525461
12.4019 0.00623987
12.4019 0.00623225
12.4021 0.00556734
12.4013 0.00585356
12.4015 0.00590829
12.4026 0.00518628
12.4011 0.00617032
12.4006 0.0060615
12.3994 0.00455878
12.3989 0.00537168
12.3983 0.00553126
12.3989 0.00536494
12.3988 0.00547549
12.4004 0.00532571
12.4009 0.006401
12.4009 0.00581422
12.4 0.00569017
12.4002 0.00539582
12.3979 0.00451631
12.3982 0.00365472
12.3986 0.00554052
12.4007 0.00619282
12.4002 0.00717135
12.4024 0.00506124
12.4035 0.00455483
12.4039 0.00446973
12.4039 0.00442257
12.403 0.00450586
12.4008 0.00478658
12.4012 0.00432041
12.3958 0.0295231
12.3989 0.00334784
12.4002 0.00429249
12.4006 0.00484715
12.4005 0.00591543
12.3998 0.00536508
12.3983 0.005129
12.396 0.0166987
12.3892 0.0420481
12.3845 0.0545145
12.3652 0.0747598
12.3676 0.073226
12.3676 0.0658385
12.369 0.0604628
12.3724 0.0530293
12.3702 0.0542317
12.3752 0.0445517
12.3797 0.0408376
12.3797 0.0404443
12.3589 0.0588888
12.3402 0.0661342
12.3446 0.0600313
12.3438 0.0703281
12.3326 0.0659288
12.3109 0.0840058
12.3202 0.0727935
12.3237 0.0716161
12.3278 0.0484793
12.3381 0.0510061
12.3425 0.0534315
12.3256 0.0511293
12.3062 0.0398624
12.2906 0.0111139
12.2882 0.00277773
12.2884 0.00293777
12.2894 0.00942331
12.2919 0.0155684
12.2943 0.0195893
12.2903 0.0129147
12.2872 0.00105707
12.2916 0.0176543
12.2913 0.0155947
12.2871 0
12.2871 0
12.2871 0
12.2791 0.0407364
12.2531 0.129233
12.2303 0.163285
12.1848 0.195522
12.1509 0.187881
12.0257 0.188838
11.9528 0.191576
11.8654 0.143076
11.8127 0.0995272
11.7644 0.072605
11.7305 0.0714213
11.7233 0.0692666
11.6962 0.0497626
11.6862 0.035485
11.6759 0.00519607
11.6789 0.0124519
11.6859 0.0286589
11.6535 0.183828
11.4717 0.483199
10.5396 0.640642
9.96375 0.205898
9.79894 0.0506206
9.78936 0.0358988
9.77787 0.0104127
9.77719 0.00941631
9.77444 1.5502e-05
9.77925 0.0120444
9.77522 0.00458404
9.77507 0.00448212
9.77443 0
9.76201 0.0878368
9.74974 0.122981
9.73361 0.173504
9.66006 0.255796
9.46495 0.317418
9.3082 0.265862
9.15333 0
9.15333 0
9.15333 0
9.15333 0
9.15333 0
9.15333 0
9.15333 0
9.15333 0
9.15333 0
9.15333 0
9.15333 0
9.14991 0.0242348
9.15333 0
9.15333 0
9.15333 0
9.15333 0
9.15333 0
9.15333 0
9.15333 4.01072e-05
9.15333 0
9.15345 0.000790943
9.15333 0
9.15434 0.0021705
9.15479 0.0024781
9.15445 0.00225984
9.15401 0.0018359
9.15333 0
9.15333 0
9.15333 0
9.15333 0
9.15333 0
9.15333 0
9.15333 0
9.15333 0
9.15333 0
9.15333 0
9.15333 0
9.15333 0
9.15333 0
9.15333 0
9.15333 0
9.15333 0
9.15333 0
9.15333 0
9.15333 0
9.15333 0
9.15333 0
9.15333 0
9.15333 0
9.15333 0
9.15333 0
9.15216 0.00830722
9.15333 0
9.15333 0
9.15333 0
9.15333 0
9.15333 0
9.12816 0.100657
9.14494 0.059338
9.13655 0.083056
9.12816 0.0916281
9.09306 0.129969
9.07096 0.146291
9.05074 0.147983
9.0141 0.158344
8.96033 0.170288
8.92241 0.167127
8.83205 0.102162
8.79814 0.0870641
8.73375 0
8.73375 0
8.73375 0
8.73375 0
8.73375 0
8.73375 0
8.73375 0
8.73375 0
8.73375 0
8.73375 0
8.73375 0
8.73375 0
8.73375 0
8.73375 0
8.73375 0
8.73375 0
8.73375 0
8.73375 0
8.73375 0
8.73375 4.01072e-05
8.73375 4.01072e-05
8.73375 4.01072e-05
8.73375 4.01072e-05
8.73373 6.80352e-05
8.73374 5.61384e-05
8.73374 5.61384e-05
8.73375 0
8.73375 0
8.73375 0
8.73375 0
8.73375 0
8.73375 0
8.73375 0
8.73375 0
8.73375 0
8.73375 0
8.73375 0
8.73375 0
8.73375 0
8.73375 0
8.73375 0
8.73375 0
8.73375 0
8.73375 0
8.73375 0
8.73375 0
8.73375 0
8.73375 0
8.73375 0
8.73375 0
8.73375 0
8.73375 0
8.73375 0
8.73375 0
8.73375 0
8.73375 0
8.73375 0
8.73336 0.00275184
8.73336 0.00275184
8.73375 0
8.73375 0
8.73375 0
