BEST LOSS FUNCTION MEAN and DV_STD
36.903 1.57846
34.8474 1.08976
34.0715 1.00061
32.7951 1.52829
29.3763 1.48783
26.909 1.06714
24.7499 1.55742
22.6974 0.286107
22.5493 0.216343
22.4928 0.263532
22.4233 0.386131
22.2044 0.512071
21.9486 0.769915
20.7631 0.928611
19.7278 0.624529
19.2329 0.146951
19.1977 0.184834
19.1327 0.244252
19.0787 0.276245
19.0032 0.296542
18.8573 0.303595
18.7657 0.305822
18.7222 0.300052
18.5539 0.202785
18.4339 0.256899
18.3795 0.277097
18.1021 0.461497
17.7651 0.478452
17.4278 0.319001
17.2714 0.0563562
17.2497 0.153626
17.2301 0.157347
17.1752 0.249575
17.1232 0.276092
17.0084 0.414957
16.8104 0.434851
16.4833 0.394933
16.1671 0.304057
16.0622 0.406247
15.8054 0.520605
15.3106 0.342202
15.1537 0.0132118
15.144 0.0456783
15.1442 0.0457473
15.1477 0.0235104
15.1479 0.0235561
15.1466 0.0249106
15.1478 0.028446
15.1493 0.0221004
15.1489 0.0221486
15.1507 0.0203969
15.1418 0.0487049
15.1302 0.06854
15.1127 0.0807837
15.1117 0.0825974
15.0719 0.146035
15.0086 0.203208
14.8806 0.237235
14.7768 0.214459
14.7773 0.254768
14.5566 0.177512
14.4854 0.115617
14.4562 0.104143
14.4335 0.138611
14.3869 0.193618
14.3252 0.204805
14.2819 0.25207
14.1279 0.291958
13.8694 0.153888
13.7972 0.127848
13.7271 0.156496
13.7057 0.189098
13.6944 0.186694
13.6572 0.157269
13.5806 0.247622
13.3513 0.499141
12.667 0.667368
12.1028 0.148811
12.0083 0.195668
11.9877 0.203286
11.9604 0.190585
11.8512 0.128263
11.8134 0.13122
11.7537 0.111456
11.6878 0
11.6878 0
11.6878 0
11.6848 0.0210884
11.6878 0
11.6878 0
11.6878 0
11.683 0.0336162
11.6878 0
11.6878 0
11.6878 0
11.6878 0
11.6821 0.0398084
11.6672 0.0850012
11.6373 0.130918
11.6111 0.151709
11.555 0.179965
11.4713 0.172354
11.4442 0.163338
11.4127 0.184557
11.3058 0.216693
11.1649 0.425378
10.5313 0.520929
10.0768 0
10.076 0.0034712
10.0759 0.0028902
10.0757 0.00368708
10.0762 0.00269155
10.0764 0.00246264
10.0767 0.000522019
10.0766 0.000730675
10.0766 0.00080324
10.0747 0.0142659
10.0707 0.0241884
10.0687 0.0276468
10.0667 0.0304439
10.0586 0.0391515
10.0506 0.0447
10.0462 0.0468495
10.0419 0.0488247
10.0433 0.0486913
10.0517 0.0437762
10.0407 0.0480145
10.0326 0.0497499
10.0054 0.0779497
9.99593 0.0750803
9.97959 0.0912941
9.98599 0.0305722
9.96607 0.0504386
9.95513 0.0837337
9.96765 0.0459227
9.95465 0.0772954
9.95465 0.0772954
9.94601 0.0889275
9.91544 0.133764
9.86701 0.200003
9.7179 0.246855
9.4281 0.255057
9.16183 0.272628
8.97415 0
8.97382 0.00236564
8.97381 0.0023652
8.97379 0.00236422
8.97413 0.000109767
8.97413 0.000109767
8.97413 0.000109767
8.97413 0.000109767
8.97413 0.000109767
8.97409 0.000160378
8.97407 0.000177572
8.97409 0.000160378
8.97407 0.000177572
8.97396 0.000636556
8.97387 0.000878098
8.97378 0.000930844
8.97373 0.000936811
8.97356 0.00126738
8.97361 0.00123714
8.97389 0.000709395
8.97396 0.000259043
8.97378 0.0010218
8.97391 0.000260808
8.97388 0.000284551
8.97384 0.000276197
8.97362 0.00102554
8.97346 0.00140399
8.97366 0.00102113
8.97368 0.00102585
8.97352 0.00141734
8.97371 0.00103424
8.97229 0.0106822
8.97374 0.00013866
8.9737 0
8.9615 0.0597307
8.96163 0.0853221
8.94957 0.102701
8.93128 0.122481
8.91256 0.137783
8.84368 0.186495
8.72076 0.209645
8.59158 0.125606
8.55544 0.140982
8.45604 0.133733
8.36901 0.0047964
8.36443 0.032536
8.36831 0.00571677
8.36763 0.00637621
8.36645 0.0120578
8.36769 0.00624182
8.36804 0.0058726
8.36869 0.00511135
8.36938 0.00398508
8.36971 0.00329529
8.36972 0.00325281
8.36977 0.00303351
8.36958 0.00337884
8.36858 0.0053607
8.35418 0.0997183
8.29832 0.213578
8.174 0.310121
7.88147 0.313885
7.66279 0.00478697
7.66279 0.00478697
7.66314 0.00419046
7.66244 0.0052935
7.66209 0.00573395
7.6607 0.007058
7.66209 0.00573395
7.6581 0.0261412
7.65341 0.0360399
7.65046 0.0434783
7.63259 0.0666751
7.63292 0.0667864
7.62231 0.0754687
7.61502 0.079835
7.59776 0.0872943
7.59858 0.0868336
7.58105 0.0893853
7.56323 0.0887644
7.51718 0.0676455
7.51691 0.0687298
7.49818 0.0485245
7.48264 0.00718041
7.48098 0.00670589
7.48056 0.00428411
7.48047 0.00430223
7.47757 0.0135911
7.47711 0.00836703
7.47736 0.0077772
7.47815 0.00737578
7.47916 0.00610196
7.47968 0.00532207
7.47958 0.00532118
7.47844 0.00636736
7.4768 0.00749622
7.47674 0.00774565
7.47618 0.00753083
7.47601 0.00741886
7.47584 0.00766298
7.47458 0.00753804
7.47606 0.00718747
7.47508 0.00725772
7.4728 0.0073169
7.47317 0.00765162
7.47358 0.00707104
7.47234 0.00684751
7.47339 0.00690513
7.47413 0.00751959
7.47067 0.00717826
7.46873 0.00597453
7.46852 0.00593846
7.46907 0.0064818
7.46631 0.00451588
7.46631 0.00451588
7.46554 0.00353076
7.4645 0
7.46579 0.00390436
7.46554 0.00353076
7.46657 0.00477121
7.46605 0.00422923
7.46579 0.00390436
7.46894 0.00727541
7.46885 0.00713534
7.46745 0.0060326
7.46588 0.00422301
7.46572 0.0042101
7.46476 0.00182204
7.46436 0.00101508
7.46436 0.00101508
7.4645 0
7.4645 0
7.4645 0
7.46376 0.00421819
7.4645 0
7.4645 5.09427e-06
7.4645 5.09427e-06
7.4645 5.09427e-06
7.4645 5.09427e-06
7.4645 0
7.4645 0
7.4645 0
7.4645 0
7.4645 0
7.4645 0
7.4645 0
7.4645 0
7.4645 0
7.4645 0
7.45943 0.0358962
7.4645 0
7.4645 0
7.4645 0
7.4645 0
7.4645 0
7.46324 0.00897671
7.4645 0
7.4645 0
7.4645 0
7.4645 0
7.4645 0
7.4645 0
7.46409 0.00295431
7.46367 0.00413518
7.46409 0.00295431
7.4645 0
7.4645 0
7.4645 0
7.4645 0
7.4645 0
7.4645 0
7.4645 0
7.4645 0
7.4645 0
7.4645 0
7.4645 0
7.4645 0
7.4645 0
7.4645 0
7.42973 0.172096
7.30556 0.3355
6.7358 0.321306
6.59511 0
6.59511 0
6.59511 0
6.59511 0
6.59511 0
6.59511 0
6.59511 0
6.59511 0
6.59476 0.0024703
6.59441 0.0034577
6.59371 0.00478697
6.59406 0.00419046
6.59301 0.00573395
6.59196 0.00677899
6.59231 0.00646876
6.59231 0.00646876
6.59162 0.007058
6.59127 0.00730938
6.59196 0.00677899
6.59301 0.00573395
6.59266 0.00612259
6.59162 0.007058
6.59092 0.00753588
6.59162 0.007058
6.59196 0.00677899
