BEST LOSS FUNCTION
32.9654
32.7716
31.119
27.7381
25.8658
22.6609
22.3664
22.3664
21.7302
21.3778
21.3778
20.6614
19.2774
19.2774
18.7665
18.7539
18.5684
18.5505
18.3702
18.5238
18.0575
18.0575
18.0574
18.0575
17.2962
17.2962
17.2962
17.254
17.0771
17.0771
16.2728
16.2728
16.2728
16.2728
16.2682
16.2526
15.1574
15.1574
15.1541
15.0901
15.0901
15.0901
14.8599
14.8599
15.0901
15.0901
15.0901
15.0103
15.0901
15.0901
15.0901
14.8464
14.8049
14.8216
14.8216
14.4846
14.4846
14.4846
14.4846
14.4771
13.8711
13.8711
13.8711
13.8711
13.8711
13.8635
13.6494
13.6494
13.3888
13.3888
13.3888
12.861
12.861
13.3888
12.1791
12.1791
11.6878
11.6878
11.6878
11.6878
11.6802
11.6878
11.6878
11.6878
11.6878
11.6878
11.6878
11.5386
11.6878
11.6878
11.6878
11.6878
11.6878
11.6878
11.6878
11.6878
11.4063
11.2222
11.2222
11.2222
11.2222
11.2222
11.1112
10.9407
10.0768
10.0768
10.0768
10.0768
10.0594
10.0594
10.0594
10.0594
10.0594
10.0731
10.0731
10.0724
9.9759
9.9759
9.9759
9.9759
9.9759
9.9759
9.96855
9.96855
9.96855
9.96855
9.96855
9.96855
9.58001
9.58001
9.58001
9.9759
9.65568
9.49973
9.65568
9.65568
9.65568
9.65568
9.55479
8.97415
8.97415
8.97415
8.97415
8.97415
8.95743
8.95743
8.95743
8.9737
8.9737
8.9737
8.9737
8.9737
8.9737
8.9737
8.9737
8.9737
8.96976
8.96976
8.9693
8.9693
8.9693
8.9693
8.9693
8.97304
8.96699
8.97304
8.97304
8.97304
8.96671
8.96671
8.96671
8.96671
8.96671
8.96671
8.89828
8.9737
8.9737
8.66152
8.37038
8.37038
8.37038
8.37038
8.37038
8.37038
8.37038
8.35291
8.35291
8.35291
8.14143
8.35291
8.35291
8.29402
8.35291
8.35291
8.35291
8.35337
8.35291
8.35291
8.35505
8.35291
8.34574
7.66419
7.66419
7.64672
7.64672
7.64672
7.64672
7.64672
7.64672
7.64672
7.64672
7.64672
7.48197
7.48197
7.48197
7.48197
7.48197
7.48197
7.48197
7.48197
7.48197
7.48197
7.47739
7.47739
7.4645
7.4645
7.4645
7.4645
7.4645
7.38328
7.39223
7.44833
7.45733
7.45733
7.4645
7.4645
7.4645
7.4645
7.4645
7.4645
7.4645
7.4645
7.4645
7.4645
7.4645
7.4645
7.4645
7.4645
7.4645
7.4645
7.4645
7.4645
7.4645
7.4645
7.4645
7.4645
7.4645
7.4645
7.4645
7.4645
7.4645
7.4645
7.4645
7.4645
7.4645
7.4645
7.4645
7.4645
7.4645
7.4645
7.4645
7.45733
7.45733
7.4645
7.4645
7.43582
7.43582
7.4645
7.46447
7.46447
7.46447
7.46447
7.4645
7.4645
7.4645
7.4645
7.4645
7.4645
7.4645
7.4645
7.4645
7.4645
7.21068
7.4645
7.4645
7.4645
7.4645
7.4645
7.40103
7.4645
7.4645
7.4645
7.4645
7.4645
7.4645
7.44361
7.44361
7.44361
7.4645
7.4645
7.4645
7.4645
7.4645
7.4645
7.4645
7.4645
7.4645
7.4645
7.4645
7.4645
7.4645
6.59511
6.59511
6.59511
6.59511
6.59511
6.59511
6.59511
6.59511
6.59511
6.59511
6.59511
6.59511
6.57764
6.57764
6.57764
6.57764
6.57764
6.57764
6.57764
6.57764
6.57764
6.57764
6.57764
6.57764
6.57764
6.57764
6.57764
6.57764
6.57764
6.57764
