BEST LOSS FUNCTION MEAN and DV_STD
34.8302 1.8345
31.9095 1.39124
30.1692 1.0773
28.72 1.14794
27.5257 0.205676
27.4464 0.207144
27.4789 0.147742
27.4502 0.221747
27.4747 0.147192
27.4373 0.236135
27.388 0.339709
27.2642 0.52059
26.9698 0.644419
26.4061 0.628529
26.1587 0.48654
25.9321 0.475541
25.4752 0.64914
25.0766 0.692162
24.5674 0.600284
24.1055 0.45268
23.7926 0.448214
23.4172 0.550896
22.8571 0.529222
22.7032 0.516096
22.1719 0.446021
21.9745 0.396431
21.649 0.286612
21.5841 0.38648
21.4362 0.35825
21.4252 0.470639
21.2827 0.481837
20.9382 0.415675
20.7447 0.456513
20.5087 0.456444
20.1969 0.504628
19.7655 0.43882
19.4528 0.460468
19.0642 0.36485
18.804 0.281945
18.6372 0.197666
18.5856 0.197728
18.4451 0.225282
18.3335 0.206596
18.3163 0.222873
18.2131 0.27497
18.123 0.26376
17.9988 0.653275
17.2335 1.10265
15.8876 0.06593
15.8874 0.0654732
15.8815 0.0751624
15.8514 0.106548
15.8462 0.110924
15.8086 0.127306
15.8185 0.126354
15.7662 0.170202
15.783 0.177372
15.7155 0.215741
15.6671 0.231028
15.6353 0.25301
15.4734 0.279584
15.4009 0.306536
15.2703 0.311259
15.243 0.28567
15.1904 0.275087
15.0072 0.076918
14.973 0.049355
14.966 0.0487982
14.9437 0.0549949
14.9302 0.0397881
14.9325 0.00903582
14.934 0.00411409
14.9336 0.00498595
14.9323 0.00682245
14.9328 0.00629839
14.9344 0.00293925
14.9344 0.00293925
14.9348 0
14.9348 0
14.9337 0.00444085
14.9341 0.00382793
14.9265 0.04843
14.9341 0.00357929
14.9337 0.00463914
14.9325 0.0063479
14.9326 0.00715354
14.9044 0.166103
14.833 0.318083
14.7833 0.379702
14.5386 0.536733
14.211 0.533135
13.76 0.0744274
13.7323 0.138235
13.7094 0.174613
13.7443 0.114125
13.756 0.0815508
13.7445 0.114147
13.7675 0
13.7675 0
13.7672 0.0024703
13.7672 0.0024703
13.7668 0.0034577
13.7654 0.00570355
13.7647 0.00644309
13.763 0.00772086
13.7626 0.00792258
13.7633 0.00753588
13.761 0.0172842
13.76 0.0173909
13.7593 0.017426
13.7485 0.0823684
13.7432 0.0842457
13.7006 0.155004
13.6709 0.182715
13.6648 0.198121
13.6034 0.239185
13.467 0.257346
13.3433 0.206215
13.3561 0.214919
13.3383 0.19299
13.2119 0.0410555
13.2003 0.00875875
13.1978 0.00870884
13.1964 0.00835859
13.1968 0.00845507
13.1957 0.00807312
13.1871 0.072348
13.1971 0.00856464
13.1947 0.0226603
13.1938 0.0228806
13.1902 0.0391796
13.1964 0.0252935
13.1978 0.00870884
13.1964 0.00835859
13.1971 0.00856464
13.1964 0.00835859
13.1918 0.0596019
13.1904 0.0594067
11.4722 1.29422
10.3515 0.0027163
10.3515 0.00271518
10.351 0.00375619
10.3515 0.00271404
10.3453 0.0421441
10.3506 0.00437237
10.3498 0.00540858
10.3506 0.00458029
10.3496 0.0133415
10.3469 0.0249024
10.3477 0.0184699
10.3477 0.0184699
10.3422 0.0279925
10.3462 0.0222242
10.3428 0.0280197
10.3428 0.0280167
10.338 0.0329889
10.3428 0.0280197
10.3373 0.0342406
10.3354 0.0358827
10.3265 0.0414427
10.3256 0.0413749
10.3228 0.0421875
10.3207 0.043244
10.3158 0.0439063
10.3109 0.0470613
10.2962 0.0560469
10.2874 0.0692957
10.2781 0.0584352
10.2815 0.0510924
10.2851 0.042197
10.2506 0.104288
10.1272 0.32461
9.85929 0.515901
9.02376 0.124509
8.95969 0.07884
8.93603 0.0991054
8.92047 0.156264
8.80802 0.216541
8.6927 0.232276
8.50346 0.101696
8.46645 0
8.46645 0
8.46645 0
8.46645 0
8.45402 0.0879498
8.45402 0.0879498
8.45402 0.0879498
8.42914 0.149192
8.44158 0.123104
8.39155 0.204052
8.35396 0.241107
8.22986 0.304715
8.08653 0.302922
7.84481 0.00183434
7.84456 0
7.84456 0
7.84456 0
7.84416 0.00281236
7.84456 0
7.84456 0
7.84456 0
7.84456 0
7.84456 0
7.84456 0
7.84456 0
7.84456 0
7.84456 0
7.84456 0
7.84456 0
7.84456 0
7.84456 0
7.84456 0
7.83686 0.054435
7.82916 0.0761931
7.82146 0.0923399
7.82916 0.0761931
7.78297 0.142544
7.6926 0.188559
7.55436 0.165552
7.45912 0.00131337
7.45881 0.0015888
7.4588 0.00159429
7.45817 0.00237419
7.45842 0.00180702
7.4582 0.00185867
7.45759 0.00191347
7.45615 0.0112126
7.45591 0.0115277
7.45376 0.0156686
7.45609 0.0106849
7.45785 0.00367328
7.45799 0.00367318
7.45638 0.0112855
7.45639 0.0112853
7.45807 0.0019458
7.45769 0.00211896
7.45839 0.00199696
7.45792 0.00210896
7.45854 0.00178336
7.45838 0.00185278
7.45776 0.00197981
7.4572 0.0019089
7.45666 0.00169174
7.4569 0.0018119
7.45643 0.00152044
7.45674 0.00173976
7.45627 0.0013767
7.45596 0.000941357
7.45572 4.50449e-05
7.45571 0
7.45571 0
7.45027 0.038503
7.45571 0
7.45571 0
7.45531 0.00281236
7.45496 0.00370854
7.45531 0.00281236
7.45531 0.00281236
7.45571 0
7.45571 0
7.45571 0
7.45571 0
7.45571 0
7.45571 0
7.4557 9.82066e-05
7.45571 0
7.45595 0.000943264
7.45626 0.00339835
7.45682 0.00178078
7.45473 0.0109649
7.45466 0.0109435
7.45579 0.00260136
7.4493 0.0449381
7.45478 0.00492676
7.45421 0.00632135
7.45381 0.00579886
7.38481 0.187365
7.23679 0.265836
6.97777 0.217589
6.79559 0.12227
6.68706 0.0353024
6.67265 0.0291393
6.6606 0.0246906
6.65339 0.0244691
6.64697 0.0240095
6.64822 0.0253875
6.64508 0.0236838
6.63348 0.017884
6.63136 0.0160356
6.6259 0.00224895
6.6259 0.00224895
6.62567 0.00272555
6.62477 0.00398224
6.62431 0.00440918
6.62454 0.0042074
6.62362 0.00489853
6.62204 0.0055706
6.61886 0.00543658
6.61931 0.0055706
6.61999 0.00569685
6.61863 0.00535357
6.61886 0.00543658
6.61909 0.00550878
6.61926 0.00706251
6.61925 0.00705706
6.62062 0.00720571
6.61866 0.00849876
6.61886 0.00731074
6.61962 0.00537182
6.61889 0.00543131
6.61955 0.00646636
6.62019 0.00771983
6.61872 0.00960505
6.61784 0.00896223
6.61502 0.0264987
6.61837 0.00818544
6.6181 0.00846713
6.61874 0.00826555
6.61926 0.00710429
6.61943 0.00689026
6.61948 0.00714681
6.61943 0.00783034
6.61829 0.00814371
6.61982 0.0076621
6.6197 0.00717182
6.62009 0.00818003
6.62003 0.00957088
6.61975 0.00708843
6.61881 0.00750089
6.61854 0.00782284
6.61743 0.0081428
6.61784 0.00890662
6.61864 0.00854649
6.61855 0.0094539
6.61969 0.00777909
6.61993 0.00719961
6.61998 0.00711496
6.62068 0.00683869
6.62261 0.00600351
6.61719 0.026959
6.616 0.0273072
6.61596 0.0102925
6.61329 0.0112758
6.61704 0.0114069
6.61977 0.0105112
6.61971 0.0111963
6.61811 0.0115499
6.61653 0.0116799
6.61772 0.0114626
6.61352 0.0119531
