BEST LOSS FUNCTION
30.9574
29.4302
28.7272
28.3735
25.4888
25.4888
25.4826
25.4888
25.4888
24.2278
23.6568
23.6568
23.6568
23.6568
23.6568
23.6568
23.5694
23.0146
22.1416
22.0986
22.0986
22.0986
20.7641
18.7484
18.6412
18.0593
17.9533
17.1669
17.0077
16.809
15.9511
15.9255
14.6491
14.6491
14.1337
13.7581
13.7581
13.7581
13.4783
13.7581
13.4783
13.6573
13.2884
13.2884
13.2884
13.2884
13.2884
13.2685
13.0738
13.0738
13.0738
13.0738
13.0738
13.0738
13.0735
13.0735
13.0735
13.0735
12.9729
12.9729
12.9729
12.9726
12.9729
12.9729
12.9729
12.9729
12.6842
12.6842
12.6842
12.6842
12.6842
12.6842
12.6842
12.684
12.684
12.684
12.684
12.684
12.684
12.684
12.684
12.684
12.684
12.6568
12.6568
12.678
12.678
12.5606
12.5411
12.5411
12.6745
12.6132
12.261
12.4067
12.4067
12.4067
12.4067
12.4067
12.4067
12.4067
12.4067
12.3968
12.3874
12.3874
12.3874
12.3874
12.3968
12.3874
12.3874
12.3874
12.3874
12.3874
12.3874
12.3874
12.3874
12.3874
12.3874
12.3874
12.3837
12.3874
12.3874
12.3874
12.3874
12.3874
12.3874
12.3874
12.3874
12.3874
12.3762
12.3762
12.3762
12.3909
12.3972
12.3972
12.3973
12.3973
12.3874
12.0476
12.1933
12.3961
12.3961
12.3874
12.3789
12.3789
12.3789
12.2871
12.1442
12.1442
12.1442
12.1442
12.1442
12.1442
12.154
12.154
12.2868
12.2868
12.2871
12.1442
12.1442
12.154
12.1442
12.1442
12.034
12.034
12.034
12.2691
12.2871
12.2686
12.2686
12.2686
12.2866
12.2866
12.2866
12.2866
12.2866
12.2866
12.2868
12.2871
12.268
12.2871
12.2871
12.2871
12.2871
11.6774
11.6774
11.6774
11.6774
11.6774
11.6774
11.6774
11.6774
11.6774
11.6584
11.6584
11.6584
11.6584
11.6584
11.6584
11.6584
11.6584
10.3809
9.77443
9.77443
9.77443
9.77443
9.77443
9.77443
9.77443
9.77443
9.77443
9.77443
9.77443
9.77443
9.15333
9.15333
9.15333
9.15333
9.15333
9.15333
9.15333
9.15333
9.15333
9.15333
9.15333
9.15333
9.15333
9.15333
9.15333
9.15333
8.98197
8.98197
9.15333
9.15333
9.15333
9.15333
9.15333
9.15333
9.15305
9.15333
9.15333
9.15333
9.15333
9.15333
9.15333
9.15333
9.15333
9.15333
9.15333
9.15333
9.15333
9.15333
9.15333
9.15333
9.15333
9.15333
9.15333
9.15333
9.15333
9.15333
9.15333
9.15333
9.15333
9.15333
9.15333
9.15333
9.15333
9.15333
9.15333
9.15333
9.15333
9.09459
9.15333
9.15333
9.15333
9.15333
8.73375
8.73375
8.73375
8.73375
8.73375
8.73375
8.73375
8.73375
8.73375
8.73375
8.73375
8.73375
8.73375
8.73375
8.73375
8.73375
8.73375
8.73375
8.73375
8.73375
8.73375
8.73375
8.73375
8.73375
8.73375
8.73375
8.73375
8.73375
8.73375
8.73375
8.73375
8.73375
8.73347
8.73347
8.73347
8.73347
8.73347
8.73347
8.73347
8.73375
8.73375
8.73375
8.73375
8.73375
8.73375
8.73375
8.73375
8.73375
8.73375
8.73375
8.73375
8.73375
8.73375
8.73375
8.73375
8.73375
8.73375
8.73375
8.73375
8.73375
8.73375
8.73375
8.73375
8.73375
8.73375
8.73375
8.73375
8.73375
8.73375
8.73375
8.71429
8.71429
8.73375
8.73375
8.73375
8.73375
