BEST LOSS FUNCTION
30.4072
27.5258
27.5258
27.3973
26.7718
26.5226
26.7718
26.496
26.7718
26.5226
25.8527
25.4672
25.4672
25.4251
24.9684
24.0832
24.0832
23.9314
23.1628
22.8756
22.2771
22.2771
21.6995
21.4914
20.9343
20.9343
21.0123
20.2099
20.2099
20.2099
19.9966
19.9966
19.4961
19.7745
18.7985
18.7985
18.4604
18.4376
18.213
18.108
18.1286
17.5092
17.5319
17.5319
17.3898
15.9042
15.9042
15.6293
15.6293
15.6293
15.6293
15.6293
15.6293
15.6293
15.6293
15.0355
15.0355
15.0355
14.9348
14.9348
14.9348
14.9348
14.9139
14.9348
14.9348
14.9348
14.9348
14.8803
14.6797
14.6797
14.8803
14.9141
14.9141
14.9141
14.9141
14.9141
14.9141
14.9348
14.9348
14.9155
14.9155
14.5928
14.9155
14.9155
14.9155
14.898
13.7675
13.7675
13.7675
13.7646
13.7675
13.1909
13.1909
13.1909
13.1909
13.1909
13.1909
13.7675
13.7675
13.7501
13.7501
13.7501
13.7501
13.7501
13.7501
13.7501
13.7501
13.6532
13.6532
13.6532
13.1905
13.1905
13.1905
13.1905
13.1905
13.1905
13.1905
13.0936
13.0936
13.1905
13.1905
13.1905
13.1905
13.1905
13.1905
13.1902
12.6892
13.1905
13.0493
13.0493
12.9851
13.0319
13.1905
13.1905
13.1905
13.1905
12.7832
10.3521
10.3384
10.3384
10.3384
10.3384
10.3384
10.0541
10.3351
10.3351
10.3351
10.2596
10.2007
10.2596
10.2596
10.2596
10.2596
10.2596
10.2596
10.2596
10.2596
10.2596
10.2596
10.2596
10.2596
10.2546
10.2596
10.2596
10.2459
10.0801
10.0801
10.0801
10.0801
10.2546
9.54461
8.94837
8.94837
8.94837
8.46645
8.46645
8.46645
8.46645
8.46645
8.46645
8.46645
8.46645
8.46645
7.84456
7.84456
7.84456
7.84456
7.84456
7.84456
7.84456
7.84456
7.84456
7.83711
7.84456
7.84456
7.84456
7.84456
7.82467
7.84456
7.84456
7.84456
7.84456
7.84456
7.84456
7.84456
7.84456
7.84456
7.84456
7.84456
7.84456
7.84456
7.84456
7.45964
7.45964
7.45964
7.45964
7.45964
7.45571
7.45571
7.45571
7.45571
7.45571
7.44748
7.45571
7.45571
7.45571
7.37958
7.37958
7.37935
7.45571
7.43582
7.43582
7.37935
7.37935
7.45571
7.45207
7.45207
7.45207
7.45571
7.45571
7.45571
7.45571
7.45571
7.45571
7.45571
7.45571
7.45571
7.45571
7.45571
7.45571
7.45571
7.18345
7.45571
7.45571
7.43582
7.43582
7.43582
7.43582
7.45571
7.45571
7.45571
7.45571
7.45571
7.45571
7.45502
7.45571
7.45571
7.43582
7.45571
7.37935
7.37935
7.43976
7.13837
7.43582
7.43582
6.67373
6.67373
6.67373
6.67373
6.62636
6.62636
6.62636
6.62636
6.62636
6.615
6.62636
6.615
6.615
6.615
6.615
6.615
6.615
6.615
6.615
6.615
6.615
6.615
6.615
6.615
6.615
6.615
6.615
6.615
6.58964
6.58964
6.58964
6.58964
6.58964
6.61499
6.6089
6.59511
6.59511
6.59511
6.59511
6.43809
6.59511
6.59511
6.59511
6.59511
6.59511
6.59511
6.60647
6.59511
6.59511
6.60647
6.59511
6.589
6.60647
6.60647
6.60647
6.59753
6.59511
6.59511
6.589
6.60647
6.60647
6.60647
6.60647
6.60647
6.43809
6.43809
6.59511
6.59511
6.59511
6.59511
6.59511
6.59511
6.59511
6.59511
6.58901
6.58901
