BEST LOSS FUNCTION MEAN and DV_STD
34.3005 1.22921
32.7313 1.45097
31.019 0.891119
30.1574 0.766428
29.2787 1.27121
27.1045 0.973827
26.397 0.572439
25.9675 0.642556
25.4697 0.546853
25.1189 0.527099
24.7444 0.582656
24.0719 0.627014
23.5505 0.461721
23.1605 0.625297
22.5041 0.839407
21.361 0.537415
21.0229 0.424661
20.7656 0.311634
20.6788 0.328022
20.4963 0.397041
20.1716 0.45646
19.8989 0.436603
19.7167 0.413291
19.6717 0.503265
19.3105 0.380608
19.002 0.382218
18.7917 0.359607
18.4891 0.165172
18.455 0.161483
18.3932 0.200287
18.3338 0.244595
18.2729 0.253375
18.1705 0.303799
17.9531 0.26839
17.7358 0.200005
17.6745 0.234458
17.5441 0.265204
17.4079 0.257205
17.3054 0.242488
17.2367 0.25726
17.18 0.267098
17.098 0.272473
16.915 0.139111
16.8361 0.0765039
16.8568 0.0760707
16.8214 0.0478808
14.9945 1.73461
13.0738 0
13.07 0.0267687
13.07 0.0267687
13.0738 0
13.0738 0
13.0738 0
13.0738 0
13.0736 0.00124347
13.0713 0.0174837
13.0713 0.0174837
13.0685 0.026278
13.0618 0.0379576
13.0556 0.0454926
13.0572 0.0431911
13.0384 0.0655791
13.0341 0.0717365
13.0261 0.0833288
13.0285 0.0727465
13.0232 0.082795
13.0025 0.114172
12.9731 0.127829
12.9241 0.137116
12.8933 0.129776
12.7921 0.128734
12.7269 0.104197
12.7047 0.0873585
12.6874 0.0720319
12.6688 0.0480975
12.6625 0.0407071
12.6594 0.0352535
12.6583 0.0328076
12.6506 0
12.6506 0
12.6498 0.00529285
12.6506 0
12.6506 0
12.6506 0
12.6506 0
12.6502 0.00269153
12.6502 0.00269153
12.6502 0.00269153
12.6498 0.00376736
12.6483 0.00624746
12.6495 0.00588873
12.6483 0.00897845
12.6479 0.0147499
12.642 0.0552394
12.6498 0.00529285
12.6471 0.0234833
12.6469 0.0235366
12.6396 0.0503757
12.6392 0.0503644
12.647 0.0145575
12.649 0.00479259
12.6487 0.00519135
12.6481 0.00585664
12.6401 0.0450688
12.6389 0.044961
12.6312 0.0622715
12.6085 0.10316
12.6023 0.110412
12.5836 0.127655
12.5512 0.14543
12.5503 0.144361
12.4526 0.153351
12.4008 0.129705
12.3334 0.00928215
12.3292 0.0069198
12.3297 0.00625765
12.3297 0.00625765
12.3311 0.00322924
12.329 0.0145626
12.3282 0.0202258
12.3221 0.0303478
12.3162 0.0361358
12.3166 0.0367339
12.3113 0.041326
12.3005 0.0463363
12.3068 0.0414121
12.2956 0.045575
12.29 0.0457419
12.2844 0.0468745
12.2751 0.0511092
12.2703 0.0515054
12.2631 0.0474542
12.2651 0.0431889
12.2444 0.0333712
12.251 0.0397769
12.2406 0.0413557
12.2239 0.0380093
12.2214 0.0418362
12.2259 0.0276377
12.2208 0.0345222
12.2228 0.0385304
12.207 0.0624547
12.1906 0.0752802
12.1918 0.0794411
12.1905 0.0770516
12.1906 0.0762955
12.1765 0.0860684
12.151 0.0922417
12.0982 0.0843557
12.0608 0.0429478
12.0411 0.00620406
12.0416 0.0050612
12.0387 0.0251804
12.0389 0.0252374
12.0378 0.0249598
12.0378 0.0249598
12.0343 0.0349364
12.0303 0.0423467
12.0247 0.0486351
12.0282 0.0428598
12.0288 0.0371683
12.0265 0.0389061
12.0213 0.0536896
12.011 0.0651856
11.984 0.0814282
11.9872 0.0868331
11.9608 0.105916
11.9306 0.126434
11.9036 0.132043
11.8826 0.132212
11.8122 0.11659
11.8241 0.107488
11.8181 0.0857635
11.8217 0.0980657
11.8199 0.106089
11.7775 0.0960447
11.7706 0.0958246
11.7064 0.0549122
11.6897 0.0143408
11.6948 0.0135354
11.6947 0.0118489
11.6959 0.0112408
11.6982 0.00983668
11.6982 0.00983407
11.7007 0.00694458
11.7017 0.00501731
11.7022 0.00358454
11.7027 0
11.7027 0
11.7027 0
11.7027 0
11.7027 0
11.7027 0
11.7027 0
11.7027 0
11.7027 0
11.7027 0
11.7027 0
11.7027 0
11.7027 0
11.7027 0
11.7027 4.01072e-05
11.7027 0
11.7027 0
11.6654 0.263782
10.9454 0.890442
9.83753 0
9.83753 0
9.83753 0
9.83753 0
9.83352 0.0283577
9.82142 0.0549337
9.8255 0.0481042
9.82951 0.0396925
9.82098 0.0549177
9.80484 0.074078
9.81286 0.0656956
9.79325 0.0839454
9.75629 0.125275
9.69678 0.19407
9.53828 0.271715
9.35555 0.262009
9.16263 0.0739694
9.17062 0.0655669
9.16616 0.0706075
9.13799 0.090791
9.09774 0.10147
9.08928 0.101446
9.07643 0.0994928
9.05282 0.0929582
9.02864 0.0770546
8.99606 0.027652
8.99124 0.00584352
8.98867 0.00650206
8.98738 0.00642344
8.98893 0.00648642
8.98996 0.00631708
8.98893 0.00648642
8.98926 0.00674978
8.98952 0.00671143
8.98857 0.00785416
8.98677 0.00767818
8.9834 0.00692408
8.98334 0.00447574
8.98455 0.00520582
8.98764 0.00646025
8.9879 0.00648642
8.98558 0.00584352
8.98738 0.00642344
8.98667 0.00656284
8.98736 0.00639531
8.98764 0.00646025
8.98557 0.0058445
8.98113 0.0362058
8.97607 0.0469345
8.97436 0.0498615
8.96811 0.0599134
8.97752 0.0352698
8.97778 0.03535
8.96895 0.0603239
8.97067 0.0607372
8.97067 0.0607372
8.97117 0.0608836
8.97016 0.0605812
8.95945 0.0761565
8.94064 0.0980689
8.93516 0.101216
8.94741 0.0922842
8.92272 0.104491
8.90615 0.116259
8.85025 0.122887
8.7823 0.0946711
8.74806 0.048615
8.73633 0.00520582
8.73375 0
8.73375 0
8.73375 0
8.73375 0
8.73375 0
8.73375 0
8.73375 0
8.73375 0
8.73375 0
8.73332 0.00308072
8.73375 0
8.73375 0
8.73375 0
8.73375 0
8.73375 0
8.73375 0
8.73375 0
8.73332 0.00308072
8.73332 0.00308072
8.73357 0.00125869
8.73357 0.00125869
8.73375 0
8.73375 0
8.73375 0
8.73375 0
8.73375 0
8.73375 0
8.73375 0
8.73375 0
8.73375 0
8.73375 0
8.73337 0.00268141
8.73299 0.0037532
8.73337 0.00268141
8.73299 0.0037532
8.73337 0.00268141
8.73318 0.00319976
8.73375 0
8.73375 0
8.73375 0
8.73375 0
8.73375 0
8.73375 0
8.73375 0
8.73375 0
8.73375 0
8.73375 0
8.73375 0
8.71651 0.121911
8.69927 0.17064
8.68203 0.206801
8.621 0.287114
8.44859 0.405074
8.25895 0.428776
7.87171 0
7.87171 0
7.87171 0
7.8717 4.01072e-05
7.8717 4.01072e-05
7.87169 6.80352e-05
7.8717 4.01072e-05
7.8717 5.61384e-05
7.8717 5.61384e-05
7.87169 6.80352e-05
7.8717 5.61384e-05
7.87145 0.00182204
7.87145 0.00182204
7.87119 0.00255032
7.8692 0.0177699
7.8692 0.0177699
7.87171 0
7.87171 0
7.87171 0
7.87171 0
7.87159 0.000824593
7.87158 0.00082471
