BEST LOSS FUNCTION
28.4324
27.9544
27.6904
27.1835
27.1835
27.1835
27.7647
27.7647
28.3642
28.4324
23.9523
23.6502
23.6502
21.8525
21.1697
20.7188
19.4558
18.7608
18.7608
18.7608
18.723
18.4212
18.4212
17.9177
18.2046
17.9177
17.9177
17.9177
17.5979
17.7566
17.7566
17.7566
17.1498
17.4177
17.3443
17.2882
17.2863
17.1498
16.6772
16.851
16.851
16.6772
16.6772
16.6772
16.6772
16.6772
16.6772
16.6772
16.6772
16.6772
16.2566
16.6148
16.6148
16.3872
16.3872
16.0584
16.242
16.242
16.1267
16.1267
16.1267
16.1267
16.0287
16.0287
15.9699
15.9699
15.9699
15.9699
16.0287
15.9699
16.0287
15.6813
15.6813
15.6813
15.6813
15.6813
15.6864
15.8759
15.8759
15.8759
15.8759
15.8759
15.8759
15.8759
15.5711
15.5711
15.5711
15.5711
15.6217
15.6217
15.4952
15.6217
15.6217
15.6217
15.6217
15.6217
15.6217
15.6217
15.6217
15.6217
15.6217
15.6217
15.6214
15.6214
15.6214
15.6214
15.6258
15.4984
15.6836
15.5652
15.5652
15.5652
15.5652
15.5652
15.5652
15.5652
15.5652
15.5652
15.5652
13.7214
13.7214
13.7214
13.7214
13.7257
13.7257
13.7257
13.7257
13.7257
13.7257
13.531
13.531
13.531
13.4751
13.4751
13.4751
13.531
13.6699
13.6699
13.5112
13.6699
13.6699
13.6699
13.6696
13.6696
13.3257
13.3257
13.3257
13.3257
13.6696
13.6696
13.6696
13.6652
13.6652
13.6652
13.6696
13.6696
13.6696
13.6696
13.6696
13.341
13.341
13.341
13.341
13.341
13.341
13.341
13.373
13.373
13.373
13.3371
13.3371
13.3015
13.3015
13.3015
13.3015
13.3015
13.3015
13.3015
13.3015
13.3015
13.3015
13.3015
13.3015
13.3015
13.3015
13.3015
13.3015
13.3015
13.3015
13.3015
13.3015
13.3015
13.3015
13.3015
13.3015
13.3015
13.3015
13.3015
13.3015
13.3015
13.3015
13.3015
13.3015
13.3015
13.3015
13.3015
13.3015
13.2609
12.889
12.889
12.889
12.889
12.889
12.889
12.889
12.7943
12.7943
12.889
12.889
12.889
12.889
12.889
12.889
12.889
12.889
12.889
12.889
12.889
12.889
12.7938
12.8021
12.889
12.889
12.889
12.889
12.889
12.889
12.889
12.8557
12.8557
12.8557
12.8557
12.8331
12.8557
12.843
12.5115
12.4889
12.4889
12.7849
12.7849
12.7849
12.7849
12.7849
12.7849
12.7849
12.7849
12.7849
12.7849
12.7849
12.7849
12.7849
12.7548
12.7548
12.7849
12.7849
12.7849
12.7849
12.7849
12.7849
12.7849
12.7849
12.7849
12.7849
12.7849
12.7849
12.7849
12.6728
12.7849
12.7849
12.7126
12.7849
12.7849
12.7849
12.7849
12.7425
12.7425
12.7849
12.7849
12.7849
12.7849
12.7849
12.7693
12.7693
12.7693
12.7693
12.7693
12.7693
12.7849
12.6364
12.7849
12.7849
